Character id,Persona Prob Vec
A_Case_of_Two_Cities_0,"0.203703,0.203397,0.199239,0.197975,0.195686"
A_Case_of_Two_Cities_1,"0.202618,0.197843,0.205840,0.203629,0.190069"
A_Case_of_Two_Cities_1001,"0.182244,0.191474,0.206882,0.214859,0.204541"
A_Case_of_Two_Cities_1003,"0.192474,0.198330,0.199788,0.206126,0.203282"
A_Case_of_Two_Cities_1018,"0.186084,0.193407,0.194780,0.209960,0.215769"
A_Case_of_Two_Cities_1021,"0.174322,0.206086,0.206912,0.210553,0.202128"
A_Case_of_Two_Cities_1030,"0.203062,0.205606,0.203234,0.208147,0.179951"
A_Case_of_Two_Cities_1061,"0.197381,0.202160,0.208647,0.203348,0.188464"
A_Case_of_Two_Cities_1062,"0.198925,0.206932,0.199501,0.201811,0.192831"
A_Case_of_Two_Cities_1077,"0.203087,0.202090,0.203294,0.202697,0.188832"
A_Case_of_Two_Cities_1079,"0.188741,0.191940,0.201898,0.210367,0.207053"
A_Case_of_Two_Cities_1081,"0.201088,0.205353,0.204205,0.198919,0.190435"
A_Case_of_Two_Cities_1083,"0.200073,0.198205,0.201276,0.199690,0.200756"
A_Case_of_Two_Cities_1084,"0.207974,0.206722,0.200165,0.203945,0.181195"
A_Case_of_Two_Cities_1108,"0.201317,0.198537,0.200868,0.204341,0.194936"
A_Case_of_Two_Cities_1111,"0.219025,0.194060,0.197328,0.205969,0.183619"
A_Case_of_Two_Cities_1125,"0.160157,0.208138,0.178144,0.228198,0.225363"
A_Case_of_Two_Cities_1132,"0.174370,0.202839,0.200887,0.205538,0.216365"
A_Case_of_Two_Cities_1141,"0.186188,0.209389,0.214906,0.203323,0.186193"
A_Case_of_Two_Cities_1148,"0.201470,0.203806,0.196997,0.202756,0.194971"
A_Case_of_Two_Cities_1155,"0.195054,0.198799,0.215019,0.206560,0.184569"
A_Case_of_Two_Cities_1166,"0.195692,0.199629,0.207723,0.205406,0.191550"
A_Case_of_Two_Cities_1178,"0.191791,0.198973,0.203202,0.213493,0.192541"
A_Case_of_Two_Cities_1182,"0.210111,0.208260,0.199621,0.195548,0.186459"
A_Case_of_Two_Cities_1184,"0.200053,0.201241,0.202464,0.200869,0.195374"
A_Case_of_Two_Cities_1196,"0.192046,0.204691,0.202022,0.205116,0.196126"
A_Case_of_Two_Cities_1198,"0.203313,0.206705,0.198397,0.199074,0.192510"
A_Case_of_Two_Cities_1215,"0.207974,0.206722,0.200165,0.203945,0.181195"
A_Case_of_Two_Cities_1220,"0.189591,0.199308,0.200786,0.208846,0.201469"
A_Case_of_Two_Cities_1222,"0.193262,0.203584,0.199685,0.210711,0.192758"
A_Case_of_Two_Cities_123,"0.206342,0.210450,0.206372,0.197636,0.179199"
A_Case_of_Two_Cities_1235,"0.183599,0.207317,0.204802,0.206108,0.198174"
A_Case_of_Two_Cities_1237,"0.307956,0.206412,0.224073,0.139873,0.121686"
A_Case_of_Two_Cities_1252,"0.163354,0.185536,0.217689,0.223387,0.210034"
A_Case_of_Two_Cities_1257,"0.201529,0.198661,0.205284,0.204814,0.189711"
A_Case_of_Two_Cities_1267,"0.204971,0.197954,0.202801,0.202422,0.191852"
A_Case_of_Two_Cities_1274,"0.191495,0.189474,0.209310,0.216317,0.193404"
A_Case_of_Two_Cities_1275,"0.227810,0.218339,0.194135,0.197682,0.162033"
A_Case_of_Two_Cities_1306,"0.199829,0.212408,0.204616,0.208886,0.174262"
A_Case_of_Two_Cities_1315,"0.196941,0.195492,0.197173,0.212516,0.197879"
A_Case_of_Two_Cities_1336,"0.197602,0.207788,0.202272,0.212100,0.180238"
A_Case_of_Two_Cities_1373,"0.204869,0.202278,0.205236,0.201518,0.186099"
A_Case_of_Two_Cities_1381,"0.190751,0.198775,0.200703,0.207175,0.202596"
A_Case_of_Two_Cities_1390,"0.215697,0.208563,0.203744,0.198526,0.173470"
A_Case_of_Two_Cities_142,"0.188790,0.199980,0.200889,0.215214,0.195126"
A_Case_of_Two_Cities_1422,"0.192392,0.200827,0.202657,0.201709,0.202414"
A_Case_of_Two_Cities_1434,"0.197381,0.202160,0.208647,0.203348,0.188464"
A_Case_of_Two_Cities_1436,"0.195351,0.204774,0.203600,0.203102,0.193173"
A_Case_of_Two_Cities_1455,"0.180887,0.200287,0.202958,0.209887,0.205981"
A_Case_of_Two_Cities_1456,"0.207837,0.209715,0.202362,0.197402,0.182684"
A_Case_of_Two_Cities_1460,"0.197512,0.201991,0.200376,0.205279,0.194843"
A_Case_of_Two_Cities_1462,"0.199023,0.195766,0.206877,0.204475,0.193860"
A_Case_of_Two_Cities_1465,"0.208198,0.207437,0.196548,0.200253,0.187564"
A_Case_of_Two_Cities_1466,"0.192818,0.204092,0.199196,0.204660,0.199234"
A_Case_of_Two_Cities_1469,"0.203616,0.198555,0.198210,0.206508,0.193110"
A_Case_of_Two_Cities_1496,"0.206293,0.218461,0.200351,0.214073,0.160821"
A_Case_of_Two_Cities_1528,"0.197079,0.201152,0.215544,0.206606,0.179620"
A_Case_of_Two_Cities_1542,"0.223479,0.212579,0.195139,0.195658,0.173144"
A_Case_of_Two_Cities_1552,"0.192568,0.201418,0.205072,0.206127,0.194814"
A_Case_of_Two_Cities_1578,"0.191393,0.208257,0.214441,0.205656,0.180253"
A_Case_of_Two_Cities_1580,"0.200301,0.208241,0.203326,0.208723,0.179409"
A_Case_of_Two_Cities_1585,"0.199706,0.205063,0.197368,0.204900,0.192963"
A_Case_of_Two_Cities_1587,"0.203820,0.202561,0.207197,0.207069,0.179352"
A_Case_of_Two_Cities_1593,"0.204858,0.206993,0.206433,0.192270,0.189446"
A_Case_of_Two_Cities_1612,"0.187516,0.192022,0.202438,0.212350,0.205675"
A_Case_of_Two_Cities_1639,"0.203940,0.202146,0.209035,0.200041,0.184838"
A_Case_of_Two_Cities_1644,"0.192698,0.205112,0.204008,0.198736,0.199446"
A_Case_of_Two_Cities_1653,"0.196925,0.203675,0.204106,0.203691,0.191604"
A_Case_of_Two_Cities_1654,"0.208798,0.204506,0.197305,0.205030,0.184361"
A_Case_of_Two_Cities_1656,"0.193078,0.201782,0.208095,0.206996,0.190049"
A_Case_of_Two_Cities_1672,"0.211122,0.213079,0.198915,0.193275,0.183609"
A_Case_of_Two_Cities_1674,"0.201514,0.206557,0.201211,0.197020,0.193698"
A_Case_of_Two_Cities_1679,"0.190781,0.203254,0.198933,0.204813,0.202219"
A_Case_of_Two_Cities_1684,"0.207974,0.206722,0.200165,0.203945,0.181195"
A_Case_of_Two_Cities_1698,"0.201590,0.199654,0.201721,0.200390,0.196644"
A_Case_of_Two_Cities_1704,"0.187588,0.200773,0.199147,0.211620,0.200872"
A_Case_of_Two_Cities_1737,"0.207047,0.204295,0.203094,0.199776,0.185789"
A_Case_of_Two_Cities_1738,"0.208115,0.204132,0.198114,0.203726,0.185913"
A_Case_of_Two_Cities_1749,"0.204971,0.197954,0.202801,0.202422,0.191852"
A_Case_of_Two_Cities_1777,"0.193611,0.205631,0.209876,0.205259,0.185624"
A_Case_of_Two_Cities_179,"0.201916,0.201444,0.200605,0.199255,0.196780"
A_Case_of_Two_Cities_1794,"0.183597,0.203835,0.210105,0.210548,0.191914"
A_Case_of_Two_Cities_1804,"0.197079,0.201152,0.215544,0.206606,0.179620"
A_Case_of_Two_Cities_181,"0.203644,0.201206,0.201282,0.197855,0.196012"
A_Case_of_Two_Cities_1811,"0.195116,0.202450,0.205691,0.201329,0.195414"
A_Case_of_Two_Cities_1812,"0.197424,0.198887,0.201520,0.208404,0.193765"
A_Case_of_Two_Cities_182,"0.226004,0.205152,0.210148,0.190727,0.167969"
A_Case_of_Two_Cities_1820,"0.192783,0.203146,0.207248,0.201098,0.195723"
A_Case_of_Two_Cities_183,"0.190677,0.199418,0.203676,0.206603,0.199627"
A_Case_of_Two_Cities_184,"0.185613,0.209890,0.209278,0.201558,0.193660"
A_Case_of_Two_Cities_186,"0.196595,0.201544,0.202331,0.199703,0.199827"
A_Case_of_Two_Cities_1882,"0.197252,0.203079,0.197084,0.209648,0.192937"
A_Case_of_Two_Cities_1884,"0.221426,0.202981,0.211287,0.193736,0.170570"
A_Case_of_Two_Cities_189,"0.199424,0.205078,0.210874,0.202473,0.182151"
A_Case_of_Two_Cities_1893,"0.192082,0.204897,0.198261,0.206944,0.197816"
A_Case_of_Two_Cities_1894,"0.196114,0.209840,0.211080,0.205630,0.177336"
A_Case_of_Two_Cities_1906,"0.189913,0.198755,0.194132,0.213302,0.203898"
A_Case_of_Two_Cities_191,"0.197626,0.200311,0.199222,0.200582,0.202258"
A_Case_of_Two_Cities_192,"0.191026,0.202845,0.202754,0.205845,0.197530"
A_Case_of_Two_Cities_194,"0.184810,0.197235,0.199956,0.212135,0.205865"
A_Case_of_Two_Cities_1944,"0.195075,0.203633,0.196358,0.212500,0.192434"
A_Case_of_Two_Cities_195,"0.190830,0.202537,0.206469,0.209909,0.190255"
A_Case_of_Two_Cities_1952,"0.174054,0.187424,0.203477,0.225210,0.209836"
A_Case_of_Two_Cities_1972,"0.180556,0.198868,0.201426,0.209726,0.209424"
A_Case_of_Two_Cities_198,"0.199301,0.200250,0.201700,0.200594,0.198156"
A_Case_of_Two_Cities_199,"0.197156,0.190653,0.203050,0.203166,0.205975"
A_Case_of_Two_Cities_1998,"0.196200,0.197025,0.198627,0.207808,0.200341"
A_Case_of_Two_Cities_200,"0.199070,0.200814,0.204243,0.202223,0.193651"
A_Case_of_Two_Cities_2001,"0.202954,0.197259,0.192933,0.221354,0.185499"
A_Case_of_Two_Cities_2009,"0.194021,0.195939,0.204892,0.207160,0.197988"
A_Case_of_Two_Cities_201,"0.192904,0.202084,0.217841,0.205805,0.181366"
A_Case_of_Two_Cities_203,"0.198108,0.199862,0.203304,0.204587,0.194138"
A_Case_of_Two_Cities_207,"0.190628,0.191731,0.202668,0.220716,0.194257"
A_Case_of_Two_Cities_2078,"0.207974,0.206722,0.200165,0.203945,0.181195"
A_Case_of_Two_Cities_2099,"0.187710,0.198093,0.198516,0.207608,0.208073"
A_Case_of_Two_Cities_210,"0.190813,0.199691,0.205417,0.205351,0.198727"
A_Case_of_Two_Cities_2103,"0.198083,0.207446,0.210819,0.198833,0.184819"
A_Case_of_Two_Cities_211,"0.198496,0.198245,0.202015,0.202020,0.199223"
A_Case_of_Two_Cities_212,"0.194588,0.205997,0.205223,0.205714,0.188478"
A_Case_of_Two_Cities_2146,"0.179612,0.203252,0.209326,0.207408,0.200402"
A_Case_of_Two_Cities_2148,"0.222428,0.198542,0.202368,0.224186,0.152476"
A_Case_of_Two_Cities_2151,"0.214695,0.205064,0.194931,0.205524,0.179786"
A_Case_of_Two_Cities_2152,"0.202680,0.210153,0.199349,0.203362,0.184456"
A_Case_of_Two_Cities_2153,"0.153542,0.182315,0.222683,0.227063,0.214397"
A_Case_of_Two_Cities_2158,"0.198387,0.201532,0.197682,0.199544,0.202855"
A_Case_of_Two_Cities_216,"0.201658,0.201515,0.201246,0.199361,0.196220"
A_Case_of_Two_Cities_2161,"0.211778,0.205925,0.201278,0.199216,0.181803"
A_Case_of_Two_Cities_2166,"0.204748,0.204156,0.202069,0.203243,0.185784"
A_Case_of_Two_Cities_2167,"0.175505,0.202976,0.193830,0.217241,0.210447"
A_Case_of_Two_Cities_217,"0.198737,0.187393,0.207602,0.217800,0.188468"
A_Case_of_Two_Cities_2174,"0.184123,0.200714,0.210823,0.213835,0.190506"
A_Case_of_Two_Cities_2179,"0.209145,0.206013,0.200257,0.194223,0.190361"
A_Case_of_Two_Cities_2183,"0.185375,0.205392,0.204784,0.210081,0.194369"
A_Case_of_Two_Cities_2189,"0.208309,0.201932,0.204557,0.202029,0.183173"
A_Case_of_Two_Cities_219,"0.203959,0.202549,0.200871,0.198260,0.194361"
A_Case_of_Two_Cities_2190,"0.208523,0.211714,0.196314,0.202392,0.181056"
A_Case_of_Two_Cities_2191,"0.194219,0.201747,0.204372,0.206005,0.193657"
A_Case_of_Two_Cities_2196,"0.207382,0.196695,0.199099,0.200228,0.196596"
A_Case_of_Two_Cities_220,"0.192768,0.203155,0.209069,0.212243,0.182765"
A_Case_of_Two_Cities_221,"0.208246,0.205992,0.202105,0.192719,0.190937"
A_Case_of_Two_Cities_2219,"0.175445,0.191472,0.204948,0.213578,0.214556"
A_Case_of_Two_Cities_222,"0.215265,0.178859,0.203133,0.227369,0.175374"
A_Case_of_Two_Cities_224,"0.197079,0.201152,0.215544,0.206606,0.179620"
A_Case_of_Two_Cities_2247,"0.237701,0.219401,0.198705,0.192207,0.151987"
A_Case_of_Two_Cities_226,"0.191833,0.204731,0.199903,0.207751,0.195782"
A_Case_of_Two_Cities_2264,"0.208309,0.201932,0.204557,0.202029,0.183173"
A_Case_of_Two_Cities_227,"0.205289,0.201064,0.199638,0.205051,0.188957"
A_Case_of_Two_Cities_228,"0.198628,0.200721,0.203401,0.199765,0.197484"
A_Case_of_Two_Cities_229,"0.200105,0.195975,0.202167,0.209885,0.191867"
A_Case_of_Two_Cities_2300,"0.185686,0.203566,0.205396,0.205817,0.199535"
A_Case_of_Two_Cities_2306,"0.190931,0.198188,0.203394,0.208688,0.198800"
A_Case_of_Two_Cities_231,"0.195441,0.203661,0.199630,0.203480,0.197789"
A_Case_of_Two_Cities_2310,"0.203289,0.210186,0.198906,0.206908,0.180711"
A_Case_of_Two_Cities_2313,"0.185009,0.153792,0.205853,0.276633,0.178712"
A_Case_of_Two_Cities_2315,"0.193423,0.191822,0.212442,0.208768,0.193545"
A_Case_of_Two_Cities_2318,"0.202074,0.197012,0.200780,0.210059,0.190075"
A_Case_of_Two_Cities_232,"0.204009,0.199481,0.203375,0.197878,0.195257"
A_Case_of_Two_Cities_233,"0.192839,0.201257,0.199993,0.212144,0.193768"
A_Case_of_Two_Cities_234,"0.200834,0.200694,0.201572,0.200865,0.196035"
A_Case_of_Two_Cities_2348,"0.182329,0.196658,0.206951,0.211312,0.202750"
A_Case_of_Two_Cities_2350,"0.203431,0.210863,0.202149,0.202966,0.180591"
A_Case_of_Two_Cities_2352,"0.203289,0.210186,0.198906,0.206908,0.180711"
A_Case_of_Two_Cities_2353,"0.185575,0.187075,0.192138,0.225302,0.209910"
A_Case_of_Two_Cities_236,"0.193206,0.202519,0.205208,0.200672,0.198395"
A_Case_of_Two_Cities_2360,"0.198385,0.199722,0.198729,0.206013,0.197151"
A_Case_of_Two_Cities_2369,"0.202074,0.197012,0.200780,0.210059,0.190075"
A_Case_of_Two_Cities_237,"0.193619,0.199520,0.203124,0.203813,0.199924"
A_Case_of_Two_Cities_2377,"0.182929,0.193290,0.200702,0.214535,0.208545"
A_Case_of_Two_Cities_2379,"0.201769,0.210671,0.188725,0.230670,0.168165"
A_Case_of_Two_Cities_2393,"0.207974,0.206722,0.200165,0.203945,0.181195"
A_Case_of_Two_Cities_240,"0.193750,0.195992,0.202560,0.207660,0.200038"
A_Case_of_Two_Cities_2407,"0.217215,0.191291,0.219608,0.232203,0.139683"
A_Case_of_Two_Cities_241,"0.221195,0.195771,0.207378,0.196760,0.178896"
A_Case_of_Two_Cities_2414,"0.193604,0.195571,0.205856,0.208369,0.196602"
A_Case_of_Two_Cities_242,"0.203062,0.205606,0.203234,0.208147,0.179951"
A_Case_of_Two_Cities_243,"0.194391,0.201888,0.196837,0.204958,0.201925"
A_Case_of_Two_Cities_2436,"0.204688,0.206903,0.193883,0.204932,0.189593"
A_Case_of_Two_Cities_244,"0.190811,0.195599,0.197202,0.202439,0.213949"
A_Case_of_Two_Cities_2444,"0.201250,0.214711,0.201762,0.196176,0.186100"
A_Case_of_Two_Cities_2448,"0.191978,0.206772,0.203092,0.214483,0.183675"
A_Case_of_Two_Cities_2449,"0.201728,0.211805,0.199437,0.203488,0.183542"
A_Case_of_Two_Cities_245,"0.179709,0.200391,0.204653,0.215330,0.199916"
A_Case_of_Two_Cities_246,"0.196744,0.216581,0.198275,0.202032,0.186368"
A_Case_of_Two_Cities_2461,"0.198397,0.197493,0.208008,0.203303,0.192799"
A_Case_of_Two_Cities_247,"0.190746,0.200108,0.203757,0.198153,0.207237"
A_Case_of_Two_Cities_2474,"0.208455,0.204275,0.198901,0.206773,0.181596"
A_Case_of_Two_Cities_2477,"0.182308,0.201991,0.203376,0.208838,0.203487"
A_Case_of_Two_Cities_2478,"0.208309,0.201932,0.204557,0.202029,0.183173"
A_Case_of_Two_Cities_2482,"0.201907,0.217251,0.197273,0.201316,0.182253"
A_Case_of_Two_Cities_2490,"0.204034,0.208153,0.195530,0.204189,0.188094"
A_Case_of_Two_Cities_2496,"0.185958,0.190011,0.207633,0.207005,0.209393"
A_Case_of_Two_Cities_2503,"0.210576,0.199419,0.194384,0.202867,0.192754"
A_Case_of_Two_Cities_251,"0.199661,0.200048,0.206199,0.204383,0.189709"
A_Case_of_Two_Cities_2524,"0.192811,0.194358,0.203879,0.211824,0.197128"
A_Case_of_Two_Cities_2526,"0.202489,0.198996,0.209155,0.206279,0.183081"
A_Case_of_Two_Cities_2527,"0.200012,0.202129,0.193970,0.206314,0.197575"
A_Case_of_Two_Cities_253,"0.202260,0.200197,0.203417,0.197984,0.196141"
A_Case_of_Two_Cities_2531,"0.182044,0.211030,0.196678,0.209893,0.200355"
A_Case_of_Two_Cities_2536,"0.193604,0.195571,0.205856,0.208369,0.196602"
A_Case_of_Two_Cities_254,"0.201113,0.201178,0.199615,0.201813,0.196281"
A_Case_of_Two_Cities_255,"0.190650,0.205290,0.213343,0.206237,0.184480"
A_Case_of_Two_Cities_2550,"0.208650,0.199329,0.195936,0.204058,0.192027"
A_Case_of_Two_Cities_2551,"0.207974,0.206722,0.200165,0.203945,0.181195"
A_Case_of_Two_Cities_256,"0.192460,0.211544,0.193989,0.225976,0.176031"
A_Case_of_Two_Cities_2562,"0.203728,0.204089,0.198415,0.201797,0.191970"
A_Case_of_Two_Cities_2567,"0.199121,0.203855,0.210185,0.206014,0.180825"
A_Case_of_Two_Cities_2568,"0.207974,0.206722,0.200165,0.203945,0.181195"
A_Case_of_Two_Cities_2586,"0.186923,0.202562,0.212487,0.216109,0.181919"
A_Case_of_Two_Cities_2589,"0.195075,0.203633,0.196358,0.212500,0.192434"
A_Case_of_Two_Cities_259,"0.191016,0.199726,0.194594,0.204600,0.210065"
A_Case_of_Two_Cities_2592,"0.203850,0.193813,0.204918,0.203242,0.194177"
A_Case_of_Two_Cities_260,"0.192904,0.202084,0.217841,0.205805,0.181366"
A_Case_of_Two_Cities_2613,"0.202420,0.202268,0.190179,0.200506,0.204627"
A_Case_of_Two_Cities_2620,"0.201644,0.197713,0.202240,0.201829,0.196573"
A_Case_of_Two_Cities_2623,"0.197419,0.205428,0.201371,0.204290,0.191493"
A_Case_of_Two_Cities_2625,"0.182418,0.193675,0.212796,0.212867,0.198244"
A_Case_of_Two_Cities_2627,"0.191103,0.195110,0.204557,0.217361,0.191870"
A_Case_of_Two_Cities_2631,"0.192052,0.200156,0.212520,0.215176,0.180096"
A_Case_of_Two_Cities_2636,"0.186742,0.202953,0.209122,0.207453,0.193730"
A_Case_of_Two_Cities_264,"0.194782,0.204021,0.201265,0.205837,0.194095"
A_Case_of_Two_Cities_2645,"0.203119,0.204048,0.197246,0.202918,0.192669"
A_Case_of_Two_Cities_2646,"0.195005,0.207557,0.203402,0.201197,0.192839"
A_Case_of_Two_Cities_265,"0.198139,0.200093,0.200863,0.203773,0.197132"
A_Case_of_Two_Cities_2653,"0.203370,0.205190,0.214694,0.198654,0.178091"
A_Case_of_Two_Cities_2657,"0.201536,0.196151,0.205197,0.202176,0.194939"
A_Case_of_Two_Cities_266,"0.199252,0.202320,0.199583,0.200150,0.198694"
A_Case_of_Two_Cities_2660,"0.207974,0.206722,0.200165,0.203945,0.181195"
A_Case_of_Two_Cities_2662,"0.204037,0.198821,0.205420,0.201199,0.190523"
A_Case_of_Two_Cities_2670,"0.202162,0.201937,0.204582,0.196856,0.194463"
A_Case_of_Two_Cities_268,"0.190198,0.208163,0.201360,0.210504,0.189775"
A_Case_of_Two_Cities_2684,"0.195059,0.202982,0.199069,0.204519,0.198371"
A_Case_of_Two_Cities_269,"0.201824,0.200278,0.201048,0.196780,0.200070"
A_Case_of_Two_Cities_2695,"0.201221,0.203565,0.204215,0.202230,0.188769"
A_Case_of_Two_Cities_270,"0.193832,0.200868,0.203268,0.201713,0.200319"
A_Case_of_Two_Cities_2704,"0.203408,0.203746,0.209336,0.204201,0.179309"
A_Case_of_Two_Cities_271,"0.200109,0.201723,0.201611,0.199356,0.197201"
A_Case_of_Two_Cities_272,"0.189245,0.194216,0.198925,0.209287,0.208327"
A_Case_of_Two_Cities_2742,"0.187090,0.192631,0.207969,0.207043,0.205268"
A_Case_of_Two_Cities_2748,"0.215029,0.197589,0.197518,0.196395,0.193469"
A_Case_of_Two_Cities_276,"0.197509,0.194168,0.202666,0.207602,0.198055"
A_Case_of_Two_Cities_2778,"0.206236,0.202982,0.199662,0.200315,0.190805"
A_Case_of_Two_Cities_278,"0.195721,0.201649,0.200714,0.208111,0.193805"
A_Case_of_Two_Cities_2786,"0.214695,0.205064,0.194931,0.205524,0.179786"
A_Case_of_Two_Cities_2793,"0.203141,0.211338,0.203481,0.198736,0.183305"
A_Case_of_Two_Cities_2803,"0.193152,0.200305,0.202060,0.205915,0.198568"
A_Case_of_Two_Cities_2824,"0.205989,0.196939,0.199526,0.198537,0.199009"
A_Case_of_Two_Cities_283,"0.198813,0.201078,0.203295,0.203626,0.193188"
A_Case_of_Two_Cities_284,"0.195901,0.200716,0.206361,0.202539,0.194484"
A_Case_of_Two_Cities_2841,"0.189538,0.205129,0.198094,0.205684,0.201555"
A_Case_of_Two_Cities_285,"0.200386,0.200734,0.198362,0.200216,0.200301"
A_Case_of_Two_Cities_2866,"0.180391,0.192670,0.193811,0.217340,0.215788"
A_Case_of_Two_Cities_287,"0.224644,0.208171,0.207429,0.199603,0.160153"
A_Case_of_Two_Cities_2876,"0.208309,0.201932,0.204557,0.202029,0.183173"
A_Case_of_Two_Cities_2883,"0.197090,0.199556,0.204360,0.201425,0.197570"
A_Case_of_Two_Cities_2884,"0.189591,0.199308,0.200786,0.208846,0.201469"
A_Case_of_Two_Cities_2897,"0.211303,0.202709,0.210055,0.199153,0.176780"
A_Case_of_Two_Cities_2899,"0.189982,0.191902,0.208493,0.224311,0.185312"
A_Case_of_Two_Cities_2904,"0.222497,0.213991,0.198393,0.199339,0.165780"
A_Case_of_Two_Cities_2906,"0.202822,0.196519,0.204226,0.198967,0.197466"
A_Case_of_Two_Cities_2909,"0.193985,0.198735,0.202264,0.201666,0.203350"
A_Case_of_Two_Cities_2915,"0.200511,0.208360,0.196047,0.195565,0.199518"
A_Case_of_Two_Cities_2923,"0.188481,0.193468,0.200931,0.202466,0.214655"
A_Case_of_Two_Cities_2926,"0.188980,0.201513,0.217544,0.205980,0.185982"
A_Case_of_Two_Cities_2929,"0.190946,0.201851,0.203345,0.216712,0.187146"
A_Case_of_Two_Cities_293,"0.199938,0.202120,0.198588,0.200390,0.198964"
A_Case_of_Two_Cities_2931,"0.199336,0.204648,0.212082,0.201166,0.182768"
A_Case_of_Two_Cities_294,"0.197919,0.198479,0.204659,0.202549,0.196393"
A_Case_of_Two_Cities_2943,"0.203507,0.199078,0.207540,0.203118,0.186758"
A_Case_of_Two_Cities_295,"0.171516,0.205941,0.208444,0.204501,0.209598"
A_Case_of_Two_Cities_2956,"0.195092,0.197213,0.200098,0.210589,0.197008"
A_Case_of_Two_Cities_296,"0.197618,0.199671,0.197611,0.202120,0.202980"
A_Case_of_Two_Cities_2961,"0.184072,0.195685,0.207279,0.211307,0.201657"
A_Case_of_Two_Cities_297,"0.170748,0.176753,0.207437,0.238991,0.206073"
A_Case_of_Two_Cities_2973,"0.194452,0.211979,0.203082,0.192502,0.197985"
A_Case_of_Two_Cities_298,"0.199885,0.202295,0.202688,0.200589,0.194543"
A_Case_of_Two_Cities_2982,"0.208689,0.208065,0.190217,0.201080,0.191949"
A_Case_of_Two_Cities_300,"0.197777,0.203354,0.207196,0.198129,0.193545"
A_Case_of_Two_Cities_3000,"0.199514,0.204980,0.204605,0.202629,0.188273"
A_Case_of_Two_Cities_301,"0.192540,0.196181,0.209110,0.208745,0.193423"
A_Case_of_Two_Cities_3017,"0.188214,0.197745,0.208160,0.210818,0.195063"
A_Case_of_Two_Cities_302,"0.208671,0.208996,0.204709,0.197861,0.179763"
A_Case_of_Two_Cities_3022,"0.194256,0.202923,0.216035,0.203545,0.183242"
A_Case_of_Two_Cities_3023,"0.186188,0.209389,0.214906,0.203323,0.186193"
A_Case_of_Two_Cities_3024,"0.201755,0.196051,0.208253,0.204137,0.189804"
A_Case_of_Two_Cities_3028,"0.183744,0.197610,0.203760,0.212290,0.202595"
A_Case_of_Two_Cities_3029,"0.183248,0.194532,0.208355,0.217743,0.196123"
A_Case_of_Two_Cities_303,"0.185361,0.196033,0.198704,0.214456,0.205447"
A_Case_of_Two_Cities_3030,"0.226687,0.208619,0.192155,0.190651,0.181887"
A_Case_of_Two_Cities_3044,"0.173437,0.203021,0.204259,0.213175,0.206107"
A_Case_of_Two_Cities_3067,"0.206259,0.200343,0.197812,0.201649,0.193937"
A_Case_of_Two_Cities_307,"0.197872,0.204250,0.197969,0.205539,0.194370"
A_Case_of_Two_Cities_3070,"0.221374,0.205528,0.199736,0.193898,0.179462"
A_Case_of_Two_Cities_309,"0.194332,0.206293,0.199193,0.201484,0.198699"
A_Case_of_Two_Cities_3105,"0.198618,0.202771,0.202914,0.206273,0.189424"
A_Case_of_Two_Cities_311,"0.197079,0.201152,0.215544,0.206606,0.179620"
A_Case_of_Two_Cities_3111,"0.208309,0.201932,0.204557,0.202029,0.183173"
A_Case_of_Two_Cities_312,"0.197552,0.199209,0.202638,0.204351,0.196250"
A_Case_of_Two_Cities_3120,"0.208309,0.201932,0.204557,0.202029,0.183173"
A_Case_of_Two_Cities_3125,"0.193130,0.201626,0.199032,0.206255,0.199956"
A_Case_of_Two_Cities_313,"0.188287,0.200548,0.204297,0.210712,0.196156"
A_Case_of_Two_Cities_3144,"0.176483,0.215136,0.198777,0.223421,0.186183"
A_Case_of_Two_Cities_3145,"0.200647,0.201703,0.202272,0.202072,0.193306"
A_Case_of_Two_Cities_3146,"0.195351,0.204774,0.203600,0.203102,0.193173"
A_Case_of_Two_Cities_3147,"0.189889,0.200803,0.202889,0.209666,0.196753"
A_Case_of_Two_Cities_315,"0.195928,0.195348,0.207616,0.206251,0.194857"
A_Case_of_Two_Cities_3159,"0.173956,0.200160,0.200118,0.218482,0.207284"
A_Case_of_Two_Cities_3175,"0.187928,0.195867,0.194044,0.213092,0.209069"
A_Case_of_Two_Cities_318,"0.207763,0.204529,0.202365,0.200605,0.184738"
A_Case_of_Two_Cities_319,"0.176585,0.200224,0.205534,0.211639,0.206018"
A_Case_of_Two_Cities_3192,"0.188805,0.196471,0.197335,0.206858,0.210532"
A_Case_of_Two_Cities_320,"0.199613,0.199642,0.203955,0.202870,0.193920"
A_Case_of_Two_Cities_3200,"0.170586,0.186764,0.196933,0.232569,0.213149"
A_Case_of_Two_Cities_3205,"0.193111,0.196844,0.211074,0.208502,0.190470"
A_Case_of_Two_Cities_3206,"0.199608,0.205544,0.189566,0.219311,0.185972"
A_Case_of_Two_Cities_3210,"0.218525,0.202625,0.192309,0.205872,0.180668"
A_Case_of_Two_Cities_3231,"0.179438,0.187995,0.211975,0.224226,0.196366"
A_Case_of_Two_Cities_3259,"0.193291,0.206088,0.202586,0.208192,0.189843"
A_Case_of_Two_Cities_3266,"0.207974,0.206722,0.200165,0.203945,0.181195"
A_Case_of_Two_Cities_327,"0.198436,0.202056,0.204180,0.202095,0.193233"
A_Case_of_Two_Cities_3276,"0.197381,0.202160,0.208647,0.203348,0.188464"
A_Case_of_Two_Cities_3280,"0.191598,0.191949,0.204484,0.210055,0.201913"
A_Case_of_Two_Cities_3291,"0.202292,0.211009,0.198570,0.191766,0.196363"
A_Case_of_Two_Cities_3299,"0.198075,0.204147,0.195821,0.209775,0.192182"
A_Case_of_Two_Cities_3319,"0.192982,0.199180,0.207985,0.200754,0.199099"
A_Case_of_Two_Cities_332,"0.193274,0.201073,0.201513,0.210730,0.193410"
A_Case_of_Two_Cities_333,"0.193708,0.195083,0.212496,0.203806,0.194907"
A_Case_of_Two_Cities_3336,"0.185149,0.196731,0.204133,0.206537,0.207449"
A_Case_of_Two_Cities_3345,"0.196573,0.201485,0.205363,0.203488,0.193092"
A_Case_of_Two_Cities_3350,"0.198183,0.205405,0.203976,0.200813,0.191622"
A_Case_of_Two_Cities_3354,"0.244933,0.198730,0.201194,0.200260,0.154884"
A_Case_of_Two_Cities_3356,"0.197079,0.201152,0.215544,0.206606,0.179620"
A_Case_of_Two_Cities_3357,"0.246257,0.201547,0.181774,0.215232,0.155190"
A_Case_of_Two_Cities_336,"0.188214,0.197745,0.208160,0.210818,0.195063"
A_Case_of_Two_Cities_3360,"0.230785,0.200155,0.200669,0.195771,0.172619"
A_Case_of_Two_Cities_3364,"0.210201,0.197316,0.219072,0.198300,0.175110"
A_Case_of_Two_Cities_3366,"0.193078,0.201782,0.208095,0.206996,0.190049"
A_Case_of_Two_Cities_337,"0.207974,0.206722,0.200165,0.203945,0.181195"
A_Case_of_Two_Cities_3404,"0.201729,0.201507,0.195246,0.204321,0.197198"
A_Case_of_Two_Cities_3407,"0.194867,0.207593,0.192967,0.206024,0.198549"
A_Case_of_Two_Cities_341,"0.196631,0.210090,0.200130,0.202763,0.190386"
A_Case_of_Two_Cities_3425,"0.210464,0.209214,0.197758,0.202494,0.180070"
A_Case_of_Two_Cities_3426,"0.180629,0.196962,0.198782,0.212508,0.211119"
A_Case_of_Two_Cities_3435,"0.200966,0.208051,0.197919,0.210182,0.182882"
A_Case_of_Two_Cities_3437,"0.204971,0.197954,0.202801,0.202422,0.191852"
A_Case_of_Two_Cities_3443,"0.177044,0.186143,0.210460,0.231433,0.194919"
A_Case_of_Two_Cities_3444,"0.211303,0.202709,0.210055,0.199153,0.176780"
A_Case_of_Two_Cities_3456,"0.206719,0.199036,0.202457,0.208633,0.183155"
A_Case_of_Two_Cities_3460,"0.192798,0.205869,0.199775,0.212307,0.189251"
A_Case_of_Two_Cities_3469,"0.200706,0.200469,0.199921,0.201938,0.196965"
A_Case_of_Two_Cities_3471,"0.207974,0.206722,0.200165,0.203945,0.181195"
A_Case_of_Two_Cities_348,"0.209609,0.200486,0.201258,0.212199,0.176448"
A_Case_of_Two_Cities_3480,"0.193631,0.201673,0.209588,0.205514,0.189594"
A_Case_of_Two_Cities_349,"0.195659,0.195713,0.207468,0.206661,0.194499"
A_Case_of_Two_Cities_350,"0.200045,0.202309,0.211154,0.204525,0.181966"
A_Case_of_Two_Cities_3504,"0.203307,0.195816,0.209402,0.205685,0.185791"
A_Case_of_Two_Cities_351,"0.197079,0.201152,0.215544,0.206606,0.179620"
A_Case_of_Two_Cities_352,"0.195135,0.208305,0.210028,0.206218,0.180314"
A_Case_of_Two_Cities_353,"0.202371,0.200688,0.200184,0.204740,0.192018"
A_Case_of_Two_Cities_3549,"0.189860,0.205923,0.205454,0.205720,0.193042"
A_Case_of_Two_Cities_3552,"0.212362,0.203582,0.199060,0.209328,0.175668"
A_Case_of_Two_Cities_356,"0.171821,0.194614,0.199481,0.219706,0.214378"
A_Case_of_Two_Cities_3562,"0.193666,0.205293,0.204873,0.204246,0.191923"
A_Case_of_Two_Cities_3567,"0.197366,0.202916,0.207037,0.199695,0.192986"
A_Case_of_Two_Cities_3569,"0.198669,0.200800,0.200222,0.202311,0.197997"
A_Case_of_Two_Cities_3571,"0.187664,0.202594,0.210249,0.205336,0.194157"
A_Case_of_Two_Cities_3573,"0.182309,0.195952,0.204242,0.214205,0.203291"
A_Case_of_Two_Cities_358,"0.199900,0.199367,0.203317,0.202865,0.194552"
A_Case_of_Two_Cities_3589,"0.195996,0.208840,0.199076,0.198912,0.197175"
A_Case_of_Two_Cities_359,"0.210856,0.210447,0.209014,0.196787,0.172895"
A_Case_of_Two_Cities_3590,"0.185922,0.196684,0.199753,0.207598,0.210043"
A_Case_of_Two_Cities_3594,"0.199235,0.201752,0.204770,0.205225,0.189017"
A_Case_of_Two_Cities_3618,"0.209620,0.202372,0.195990,0.204525,0.187492"
A_Case_of_Two_Cities_3619,"0.198662,0.200684,0.208380,0.201420,0.190855"
A_Case_of_Two_Cities_362,"0.199474,0.202654,0.205466,0.198568,0.193838"
A_Case_of_Two_Cities_3628,"0.190650,0.205290,0.213343,0.206237,0.184480"
A_Case_of_Two_Cities_3636,"0.188346,0.202209,0.205440,0.202611,0.201395"
A_Case_of_Two_Cities_3646,"0.233051,0.200168,0.208631,0.195050,0.163100"
A_Case_of_Two_Cities_3648,"0.257325,0.232204,0.203903,0.173005,0.133563"
A_Case_of_Two_Cities_365,"0.189191,0.190855,0.200116,0.215554,0.204284"
A_Case_of_Two_Cities_3659,"0.180391,0.192670,0.193811,0.217340,0.215788"
A_Case_of_Two_Cities_3669,"0.193835,0.200778,0.205019,0.210474,0.189895"
A_Case_of_Two_Cities_367,"0.204971,0.197954,0.202801,0.202422,0.191852"
A_Case_of_Two_Cities_3670,"0.188346,0.202209,0.205440,0.202611,0.201395"
A_Case_of_Two_Cities_3682,"0.190430,0.198483,0.200223,0.205935,0.204930"
A_Case_of_Two_Cities_3683,"0.188346,0.202209,0.205440,0.202611,0.201395"
A_Case_of_Two_Cities_3701,"0.216848,0.218149,0.190678,0.199021,0.175303"
A_Case_of_Two_Cities_3706,"0.201803,0.204367,0.207903,0.199321,0.186606"
A_Case_of_Two_Cities_3721,"0.192319,0.195491,0.206853,0.206320,0.199016"
A_Case_of_Two_Cities_3726,"0.194180,0.206094,0.206096,0.206018,0.187612"
A_Case_of_Two_Cities_373,"0.193939,0.198781,0.203419,0.205173,0.198688"
A_Case_of_Two_Cities_374,"0.193738,0.200068,0.203085,0.204309,0.198800"
A_Case_of_Two_Cities_3741,"0.207974,0.206722,0.200165,0.203945,0.181195"
A_Case_of_Two_Cities_3745,"0.213612,0.200161,0.221088,0.216204,0.148936"
A_Case_of_Two_Cities_3746,"0.200527,0.200499,0.204127,0.209884,0.184964"
A_Case_of_Two_Cities_377,"0.190092,0.204380,0.200687,0.205735,0.199106"
A_Case_of_Two_Cities_3788,"0.205091,0.199924,0.205356,0.199588,0.190041"
A_Case_of_Two_Cities_380,"0.197079,0.201152,0.215544,0.206606,0.179620"
A_Case_of_Two_Cities_3804,"0.186742,0.202953,0.209122,0.207453,0.193730"
A_Case_of_Two_Cities_3836,"0.195059,0.202982,0.199069,0.204519,0.198371"
A_Case_of_Two_Cities_3855,"0.199380,0.204376,0.195200,0.215319,0.185725"
A_Case_of_Two_Cities_386,"0.198919,0.197734,0.214138,0.215659,0.173550"
A_Case_of_Two_Cities_387,"0.201342,0.203487,0.210967,0.201680,0.182525"
A_Case_of_Two_Cities_3879,"0.204965,0.203904,0.202693,0.201258,0.187180"
A_Case_of_Two_Cities_388,"0.206359,0.203548,0.201158,0.198198,0.190736"
A_Case_of_Two_Cities_389,"0.208309,0.201932,0.204557,0.202029,0.183173"
A_Case_of_Two_Cities_390,"0.200036,0.200123,0.203845,0.204573,0.191423"
A_Case_of_Two_Cities_391,"0.187706,0.198014,0.202651,0.209985,0.201644"
A_Case_of_Two_Cities_3910,"0.274525,0.207590,0.196722,0.187105,0.134058"
A_Case_of_Two_Cities_3911,"0.194523,0.197836,0.203841,0.211507,0.192294"
A_Case_of_Two_Cities_3915,"0.190076,0.195832,0.209681,0.205463,0.198948"
A_Case_of_Two_Cities_3925,"0.204971,0.197954,0.202801,0.202422,0.191852"
A_Case_of_Two_Cities_395,"0.198371,0.216903,0.208111,0.201198,0.175416"
A_Case_of_Two_Cities_3951,"0.198961,0.203315,0.202326,0.206222,0.189176"
A_Case_of_Two_Cities_3955,"0.170097,0.188937,0.202885,0.229136,0.208944"
A_Case_of_Two_Cities_397,"0.187932,0.198493,0.199521,0.204642,0.209412"
A_Case_of_Two_Cities_399,"0.204060,0.204956,0.205506,0.202744,0.182735"
A_Case_of_Two_Cities_4009,"0.199661,0.200048,0.206199,0.204383,0.189709"
A_Case_of_Two_Cities_4011,"0.204971,0.197954,0.202801,0.202422,0.191852"
A_Case_of_Two_Cities_4072,"0.203068,0.206589,0.204303,0.209644,0.176396"
A_Case_of_Two_Cities_4101,"0.197686,0.204101,0.207495,0.194450,0.196268"
A_Case_of_Two_Cities_4119,"0.197990,0.197560,0.203608,0.200891,0.199951"
A_Case_of_Two_Cities_4124,"0.191481,0.197989,0.206080,0.205595,0.198855"
A_Case_of_Two_Cities_4143,"0.177237,0.194961,0.205994,0.214522,0.207286"
A_Case_of_Two_Cities_4155,"0.206269,0.205253,0.199231,0.202892,0.186354"
A_Case_of_Two_Cities_4157,"0.209067,0.177542,0.210620,0.190947,0.211823"
A_Case_of_Two_Cities_4172,"0.186742,0.202953,0.209122,0.207453,0.193730"
A_Case_of_Two_Cities_4173,"0.197050,0.196023,0.198253,0.204463,0.204211"
A_Case_of_Two_Cities_4182,"0.196729,0.194872,0.205017,0.203496,0.199885"
A_Case_of_Two_Cities_4184,"0.188212,0.200902,0.210560,0.210431,0.189895"
A_Case_of_Two_Cities_4191,"0.207974,0.206722,0.200165,0.203945,0.181195"
A_Case_of_Two_Cities_4199,"0.193078,0.201782,0.208095,0.206996,0.190049"
A_Case_of_Two_Cities_4200,"0.192557,0.195371,0.210004,0.204058,0.198010"
A_Case_of_Two_Cities_421,"0.178642,0.186604,0.209856,0.219786,0.205112"
A_Case_of_Two_Cities_4215,"0.169034,0.197666,0.205747,0.221273,0.206280"
A_Case_of_Two_Cities_4216,"0.199229,0.202501,0.194286,0.205875,0.198109"
A_Case_of_Two_Cities_4242,"0.200927,0.202223,0.208285,0.198606,0.189960"
A_Case_of_Two_Cities_4245,"0.191008,0.196133,0.209992,0.212529,0.190337"
A_Case_of_Two_Cities_4247,"0.200548,0.199687,0.199664,0.208144,0.191957"
A_Case_of_Two_Cities_4249,"0.204687,0.208328,0.193586,0.209256,0.184142"
A_Case_of_Two_Cities_425,"0.196552,0.207709,0.193055,0.205691,0.196993"
A_Case_of_Two_Cities_4257,"0.195264,0.201181,0.211577,0.205743,0.186235"
A_Case_of_Two_Cities_426,"0.205564,0.201705,0.198384,0.200648,0.193700"
A_Case_of_Two_Cities_427,"0.169861,0.185761,0.201537,0.221422,0.221419"
A_Case_of_Two_Cities_4308,"0.198221,0.206377,0.201470,0.203019,0.190913"
A_Case_of_Two_Cities_4320,"0.208455,0.204275,0.198901,0.206773,0.181596"
A_Case_of_Two_Cities_4374,"0.202873,0.202607,0.201982,0.200961,0.191577"
A_Case_of_Two_Cities_4385,"0.196821,0.212741,0.204670,0.212375,0.173392"
A_Case_of_Two_Cities_439,"0.203940,0.202146,0.209035,0.200041,0.184838"
A_Case_of_Two_Cities_4390,"0.207974,0.206722,0.200165,0.203945,0.181195"
A_Case_of_Two_Cities_4398,"0.185009,0.153792,0.205853,0.276633,0.178712"
A_Case_of_Two_Cities_4411,"0.196180,0.197384,0.202584,0.203336,0.200516"
A_Case_of_Two_Cities_4413,"0.187590,0.187680,0.194688,0.220069,0.209972"
A_Case_of_Two_Cities_4415,"0.180997,0.206686,0.212383,0.205648,0.194286"
A_Case_of_Two_Cities_4428,"0.204047,0.208833,0.196120,0.198229,0.192771"
A_Case_of_Two_Cities_4433,"0.200764,0.197704,0.200418,0.200314,0.200799"
A_Case_of_Two_Cities_4435,"0.205003,0.204089,0.195619,0.203185,0.192105"
A_Case_of_Two_Cities_4444,"0.194665,0.198445,0.196612,0.211089,0.199189"
A_Case_of_Two_Cities_4449,"0.201255,0.204103,0.201356,0.200759,0.192527"
A_Case_of_Two_Cities_4451,"0.208899,0.200892,0.191032,0.207872,0.191305"
A_Case_of_Two_Cities_4454,"0.192876,0.198727,0.209846,0.209256,0.189295"
A_Case_of_Two_Cities_4455,"0.199451,0.207593,0.197657,0.200654,0.194644"
A_Case_of_Two_Cities_446,"0.204971,0.197954,0.202801,0.202422,0.191852"
A_Case_of_Two_Cities_4462,"0.208036,0.193944,0.200712,0.209379,0.187930"
A_Case_of_Two_Cities_4487,"0.207974,0.206722,0.200165,0.203945,0.181195"
A_Case_of_Two_Cities_4490,"0.205636,0.196267,0.201738,0.199248,0.197111"
A_Case_of_Two_Cities_4496,"0.198965,0.207358,0.197150,0.203660,0.192866"
A_Case_of_Two_Cities_4497,"0.193209,0.192979,0.202851,0.207373,0.203588"
A_Case_of_Two_Cities_4501,"0.205333,0.202025,0.198685,0.214989,0.178969"
A_Case_of_Two_Cities_4507,"0.205780,0.202221,0.202669,0.196857,0.192472"
A_Case_of_Two_Cities_4509,"0.226043,0.194020,0.205655,0.189449,0.184834"
A_Case_of_Two_Cities_4517,"0.206577,0.198561,0.200831,0.206947,0.187084"
A_Case_of_Two_Cities_454,"0.197500,0.200888,0.202648,0.203567,0.195397"
A_Case_of_Two_Cities_455,"0.186168,0.203023,0.187788,0.214888,0.208134"
A_Case_of_Two_Cities_4556,"0.195070,0.192869,0.202856,0.211666,0.197540"
A_Case_of_Two_Cities_456,"0.197463,0.201762,0.197400,0.203578,0.199798"
A_Case_of_Two_Cities_4566,"0.192904,0.202084,0.217841,0.205805,0.181366"
A_Case_of_Two_Cities_4577,"0.192904,0.202084,0.217841,0.205805,0.181366"
A_Case_of_Two_Cities_4578,"0.209835,0.201622,0.196717,0.198279,0.193548"
A_Case_of_Two_Cities_459,"0.200795,0.202015,0.205765,0.200501,0.190925"
A_Case_of_Two_Cities_4600,"0.208995,0.184410,0.205936,0.214830,0.185830"
A_Case_of_Two_Cities_4609,"0.195290,0.200375,0.207127,0.203431,0.193777"
A_Case_of_Two_Cities_4620,"0.201648,0.194840,0.212018,0.199688,0.191807"
A_Case_of_Two_Cities_4631,"0.204971,0.197954,0.202801,0.202422,0.191852"
A_Case_of_Two_Cities_4633,"0.197246,0.202109,0.203023,0.201006,0.196616"
A_Case_of_Two_Cities_4639,"0.186742,0.202953,0.209122,0.207453,0.193730"
A_Case_of_Two_Cities_465,"0.187148,0.203497,0.204810,0.203560,0.200984"
A_Case_of_Two_Cities_467,"0.200232,0.195950,0.201258,0.206639,0.195921"
A_Case_of_Two_Cities_4672,"0.198185,0.195784,0.202927,0.203661,0.199444"
A_Case_of_Two_Cities_4679,"0.199835,0.199707,0.204271,0.203159,0.193029"
A_Case_of_Two_Cities_4687,"0.202676,0.196015,0.206362,0.207042,0.187905"
A_Case_of_Two_Cities_469,"0.197536,0.203334,0.200882,0.200491,0.197757"
A_Case_of_Two_Cities_4694,"0.210056,0.195331,0.202897,0.212027,0.179689"
A_Case_of_Two_Cities_470,"0.184358,0.203414,0.201334,0.212090,0.198804"
A_Case_of_Two_Cities_4710,"0.200896,0.196328,0.219711,0.202284,0.180780"
A_Case_of_Two_Cities_4711,"0.202764,0.201023,0.209374,0.203204,0.183635"
A_Case_of_Two_Cities_4713,"0.187487,0.198584,0.193829,0.213171,0.206929"
A_Case_of_Two_Cities_4714,"0.204971,0.197954,0.202801,0.202422,0.191852"
A_Case_of_Two_Cities_4716,"0.231010,0.214122,0.200764,0.201384,0.152720"
A_Case_of_Two_Cities_4725,"0.190759,0.198442,0.213135,0.204504,0.193160"
A_Case_of_Two_Cities_4734,"0.215072,0.208462,0.203097,0.212872,0.160497"
A_Case_of_Two_Cities_4738,"0.199767,0.204775,0.207856,0.197127,0.190475"
A_Case_of_Two_Cities_4744,"0.208689,0.208065,0.190217,0.201080,0.191949"
A_Case_of_Two_Cities_4749,"0.198587,0.185747,0.198383,0.223103,0.194180"
A_Case_of_Two_Cities_4754,"0.202971,0.204685,0.209955,0.192253,0.190136"
A_Case_of_Two_Cities_4758,"0.229797,0.216942,0.198870,0.193469,0.160922"
A_Case_of_Two_Cities_477,"0.208455,0.204275,0.198901,0.206773,0.181596"
A_Case_of_Two_Cities_4838,"0.210414,0.204972,0.199866,0.199571,0.185177"
A_Case_of_Two_Cities_4848,"0.204971,0.197954,0.202801,0.202422,0.191852"
A_Case_of_Two_Cities_4850,"0.202381,0.203864,0.201490,0.204268,0.187997"
A_Case_of_Two_Cities_4852,"0.207056,0.202140,0.204171,0.198656,0.187976"
A_Case_of_Two_Cities_4853,"0.200778,0.202941,0.205571,0.204070,0.186639"
A_Case_of_Two_Cities_4854,"0.207974,0.206722,0.200165,0.203945,0.181195"
A_Case_of_Two_Cities_4855,"0.197079,0.201152,0.215544,0.206606,0.179620"
A_Case_of_Two_Cities_4859,"0.200748,0.201831,0.203621,0.200136,0.193663"
A_Case_of_Two_Cities_4887,"0.149871,0.200347,0.199125,0.228382,0.222276"
A_Case_of_Two_Cities_4890,"0.208689,0.208065,0.190217,0.201080,0.191949"
A_Case_of_Two_Cities_4898,"0.200731,0.201632,0.205542,0.195770,0.196325"
A_Case_of_Two_Cities_4903,"0.199101,0.200229,0.195556,0.195016,0.210099"
A_Case_of_Two_Cities_4906,"0.184309,0.197743,0.204121,0.215171,0.198656"
A_Case_of_Two_Cities_4912,"0.207974,0.206722,0.200165,0.203945,0.181195"
A_Case_of_Two_Cities_4937,"0.192176,0.207690,0.209186,0.198528,0.192421"
A_Case_of_Two_Cities_4939,"0.203087,0.202090,0.203294,0.202697,0.188832"
A_Case_of_Two_Cities_4952,"0.199267,0.195257,0.203537,0.202662,0.199278"
A_Case_of_Two_Cities_4961,"0.192100,0.199382,0.206714,0.201266,0.200538"
A_Case_of_Two_Cities_497,"0.191833,0.204731,0.199903,0.207751,0.195782"
A_Case_of_Two_Cities_4971,"0.212644,0.204963,0.202406,0.198808,0.181179"
A_Case_of_Two_Cities_4973,"0.194833,0.199764,0.213250,0.206437,0.185715"
A_Case_of_Two_Cities_4975,"0.208309,0.201932,0.204557,0.202029,0.183173"
A_Case_of_Two_Cities_4988,"0.201246,0.224673,0.240983,0.191330,0.141768"
A_Case_of_Two_Cities_4992,"0.192798,0.205869,0.199775,0.212307,0.189251"
A_Case_of_Two_Cities_5009,"0.192215,0.204096,0.201647,0.211454,0.190587"
A_Case_of_Two_Cities_501,"0.204687,0.208328,0.193586,0.209256,0.184142"
A_Case_of_Two_Cities_5010,"0.197767,0.198272,0.203327,0.202379,0.198255"
A_Case_of_Two_Cities_5013,"0.198326,0.202788,0.202069,0.204575,0.192242"
A_Case_of_Two_Cities_505,"0.210725,0.196963,0.197428,0.197220,0.197664"
A_Case_of_Two_Cities_5055,"0.183644,0.201549,0.202299,0.211044,0.201464"
A_Case_of_Two_Cities_506,"0.201150,0.203736,0.199131,0.200137,0.195845"
A_Case_of_Two_Cities_5071,"0.187159,0.200859,0.205538,0.206611,0.199833"
A_Case_of_Two_Cities_5073,"0.192799,0.203249,0.203130,0.208876,0.191946"
A_Case_of_Two_Cities_508,"0.192634,0.199633,0.209020,0.208532,0.190181"
A_Case_of_Two_Cities_5083,"0.187915,0.188603,0.213300,0.210319,0.199863"
A_Case_of_Two_Cities_5088,"0.172497,0.178874,0.207176,0.221854,0.219598"
A_Case_of_Two_Cities_5092,"0.191104,0.210264,0.197128,0.208836,0.192668"
A_Case_of_Two_Cities_5099,"0.183888,0.193325,0.200315,0.216695,0.205776"
A_Case_of_Two_Cities_5112,"0.196702,0.200515,0.198427,0.201231,0.203124"
A_Case_of_Two_Cities_5143,"0.185639,0.198289,0.193457,0.217897,0.204718"
A_Case_of_Two_Cities_5152,"0.209733,0.207812,0.198780,0.202539,0.181136"
A_Case_of_Two_Cities_5190,"0.180541,0.175467,0.198944,0.215239,0.229809"
A_Case_of_Two_Cities_5193,"0.208689,0.208065,0.190217,0.201080,0.191949"
