Character id,Persona Prob Vec
0,"0.090358,0.091155,0.091587,0.088517,0.094969,0.092840,0.091728,0.085831,0.092365,0.091550,0.089099"
1,"0.093146,0.091483,0.090417,0.091162,0.090314,0.091509,0.091090,0.090538,0.091844,0.088217,0.090280"
2,"0.091400,0.091363,0.090827,0.090959,0.090387,0.091723,0.090650,0.090185,0.093423,0.089208,0.089875"
3,"0.089079,0.087180,0.090355,0.093736,0.092192,0.092124,0.094131,0.086383,0.092755,0.093018,0.089046"
4,"0.091853,0.090852,0.090805,0.091760,0.091683,0.090677,0.091013,0.089763,0.091255,0.090037,0.090301"
5,"0.091366,0.095900,0.089944,0.088022,0.091615,0.090248,0.090750,0.089028,0.091108,0.089829,0.092192"
6,"0.089799,0.090501,0.090911,0.091243,0.094269,0.090805,0.092056,0.085177,0.092653,0.091977,0.090610"
7,"0.090448,0.091489,0.090620,0.092009,0.092577,0.090695,0.091994,0.086976,0.092471,0.090894,0.089827"
8,"0.088411,0.089968,0.091096,0.092976,0.091542,0.090268,0.091780,0.088641,0.090786,0.092804,0.091727"
9,"0.094052,0.091006,0.091095,0.089925,0.088040,0.091111,0.090185,0.093980,0.090824,0.088514,0.091268"
10,"0.088796,0.093174,0.090257,0.091590,0.094948,0.090595,0.092794,0.083880,0.090808,0.092120,0.091040"
11,"0.089945,0.091128,0.090727,0.091643,0.092976,0.091178,0.092431,0.086666,0.092361,0.090718,0.090227"
12,"0.090251,0.091981,0.090870,0.091856,0.092420,0.090227,0.092058,0.087099,0.092338,0.090705,0.090196"
13,"0.090505,0.092120,0.089567,0.091654,0.093552,0.091702,0.092796,0.085700,0.091429,0.089995,0.090980"
14,"0.091092,0.091768,0.090386,0.091860,0.091450,0.090851,0.091706,0.088824,0.091711,0.090127,0.090225"
15,"0.092392,0.091815,0.090972,0.090991,0.089169,0.091556,0.089800,0.091883,0.091647,0.088982,0.090793"
16,"0.089778,0.092849,0.091222,0.091359,0.093416,0.089308,0.093480,0.084147,0.090459,0.091881,0.092101"
17,"0.092206,0.090365,0.090496,0.091145,0.091565,0.090527,0.091482,0.089489,0.092064,0.090827,0.089833"
18,"0.091193,0.090684,0.090252,0.092905,0.092993,0.090362,0.092132,0.087064,0.093586,0.089961,0.088867"
19,"0.088562,0.093223,0.089392,0.091707,0.093537,0.090436,0.093591,0.083933,0.091762,0.091637,0.092219"
20,"0.090814,0.090614,0.091340,0.092024,0.092438,0.090971,0.090603,0.089584,0.092800,0.089302,0.089510"
21,"0.091702,0.091814,0.091251,0.090257,0.090786,0.091914,0.089961,0.090879,0.091505,0.089216,0.090714"
22,"0.087738,0.089170,0.090319,0.093337,0.096220,0.090638,0.093573,0.084596,0.093339,0.091155,0.089916"
23,"0.088007,0.089923,0.092068,0.091947,0.094931,0.090000,0.094006,0.082393,0.093104,0.092855,0.090765"
24,"0.086802,0.089328,0.091125,0.093987,0.095160,0.091906,0.093300,0.085066,0.092305,0.090868,0.090153"
25,"0.088070,0.090759,0.090663,0.091905,0.093278,0.091960,0.092705,0.084890,0.092705,0.093367,0.089698"
26,"0.089203,0.090523,0.089020,0.092527,0.094274,0.091258,0.094458,0.084508,0.093354,0.090957,0.089918"
27,"0.088817,0.091125,0.090534,0.093478,0.093524,0.090280,0.094014,0.084658,0.092159,0.091199,0.090210"
28,"0.090239,0.090620,0.090426,0.092799,0.092604,0.091053,0.092315,0.087403,0.093272,0.090726,0.088544"
29,"0.097558,0.093564,0.092081,0.088872,0.090134,0.089621,0.089102,0.093189,0.088067,0.085149,0.092663"
30,"0.090644,0.091381,0.090662,0.091192,0.092552,0.091529,0.091956,0.086880,0.091822,0.090614,0.090768"
31,"0.090760,0.090644,0.090957,0.092183,0.092339,0.090432,0.092082,0.088135,0.090765,0.092038,0.089664"
32,"0.090756,0.089377,0.091097,0.091677,0.092724,0.092025,0.091619,0.089883,0.090653,0.091883,0.088307"
33,"0.090045,0.092101,0.090787,0.095603,0.095480,0.089891,0.091897,0.081086,0.090501,0.092288,0.090321"
34,"0.100270,0.092960,0.093881,0.088546,0.087460,0.085472,0.085372,0.104224,0.086506,0.083136,0.092173"
35,"0.091239,0.090792,0.090356,0.091318,0.092481,0.091123,0.093198,0.088143,0.091469,0.089931,0.089951"
36,"0.091235,0.091160,0.091186,0.092268,0.090608,0.090649,0.090295,0.090633,0.091969,0.089908,0.090089"
37,"0.093097,0.090625,0.090562,0.090805,0.091068,0.091352,0.090118,0.090172,0.092153,0.088209,0.091838"
38,"0.091646,0.091318,0.091645,0.090035,0.090604,0.090863,0.090839,0.089178,0.092562,0.090108,0.091201"
39,"0.091965,0.091124,0.090635,0.091182,0.091074,0.091526,0.090915,0.089984,0.091300,0.089533,0.090762"
40,"0.090646,0.089941,0.091729,0.091154,0.092793,0.091769,0.092881,0.087088,0.092420,0.090009,0.089569"
41,"0.090928,0.091934,0.090931,0.091105,0.089316,0.090931,0.089957,0.090500,0.094767,0.088904,0.090728"
42,"0.092962,0.092053,0.091029,0.090921,0.091534,0.091867,0.090351,0.088891,0.091646,0.088774,0.089972"
43,"0.093535,0.091222,0.091498,0.091582,0.091491,0.090597,0.090063,0.091765,0.090814,0.088659,0.088773"
44,"0.092603,0.090607,0.091693,0.091170,0.091608,0.092002,0.092123,0.086748,0.091396,0.089568,0.090483"
45,"0.091938,0.090933,0.091966,0.089323,0.088607,0.091287,0.088561,0.095183,0.093019,0.089554,0.089627"
46,"0.095803,0.091947,0.091391,0.090796,0.088868,0.091051,0.089894,0.091733,0.090277,0.087957,0.090282"
47,"0.090944,0.091637,0.089824,0.092184,0.091572,0.091902,0.091849,0.088309,0.091746,0.090028,0.090004"
48,"0.091100,0.091055,0.090151,0.091311,0.088962,0.092062,0.091851,0.091178,0.091591,0.089872,0.090868"
49,"0.087985,0.092459,0.090486,0.092805,0.093674,0.090984,0.092447,0.085475,0.091211,0.090950,0.091525"
50,"0.086098,0.086917,0.092007,0.093552,0.088520,0.089601,0.087222,0.105558,0.093533,0.089715,0.087277"
51,"0.091179,0.089733,0.091634,0.092379,0.091944,0.090228,0.091198,0.090639,0.093555,0.088689,0.088822"
52,"0.092905,0.091551,0.091127,0.090396,0.089743,0.091736,0.090337,0.091192,0.091896,0.088852,0.090266"
53,"0.092531,0.092081,0.091022,0.091246,0.091355,0.091656,0.090337,0.089890,0.092343,0.088054,0.089483"
54,"0.091273,0.091605,0.090950,0.090995,0.090739,0.091564,0.090451,0.091830,0.092073,0.088804,0.089717"
55,"0.088962,0.089758,0.090840,0.092411,0.092193,0.090917,0.094437,0.086148,0.092471,0.091748,0.090115"
56,"0.089905,0.092364,0.090053,0.091215,0.094808,0.091682,0.094210,0.081429,0.090131,0.092342,0.091862"
57,"0.091564,0.090836,0.089693,0.091122,0.090142,0.091986,0.091350,0.091851,0.092824,0.089533,0.089098"
58,"0.091418,0.093436,0.091242,0.090588,0.090524,0.089732,0.091260,0.089598,0.090585,0.090349,0.091267"
59,"0.092949,0.091170,0.090421,0.090988,0.089814,0.091332,0.090577,0.091223,0.092003,0.089385,0.090138"
60,"0.086098,0.086917,0.092007,0.093552,0.088520,0.089601,0.087222,0.105558,0.093533,0.089715,0.087277"
61,"0.086098,0.086917,0.092007,0.093552,0.088520,0.089601,0.087222,0.105558,0.093533,0.089715,0.087277"
62,"0.086098,0.086917,0.092007,0.093552,0.088520,0.089601,0.087222,0.105558,0.093533,0.089715,0.087277"
63,"0.086098,0.086917,0.092007,0.093552,0.088520,0.089601,0.087222,0.105558,0.093533,0.089715,0.087277"
64,"0.086098,0.086917,0.092007,0.093552,0.088520,0.089601,0.087222,0.105558,0.093533,0.089715,0.087277"
65,"0.086098,0.086917,0.092007,0.093552,0.088520,0.089601,0.087222,0.105558,0.093533,0.089715,0.087277"
66,"0.092074,0.091902,0.089869,0.091587,0.092369,0.091410,0.091860,0.087109,0.091366,0.089819,0.090635"
67,"0.094365,0.091713,0.091683,0.090706,0.088736,0.090515,0.090094,0.091032,0.091929,0.087980,0.091247"
68,"0.089718,0.091992,0.089676,0.090963,0.093399,0.091275,0.092167,0.087463,0.091076,0.091389,0.090882"
69,"0.090973,0.091099,0.091591,0.091302,0.092288,0.091596,0.092350,0.087787,0.091409,0.089820,0.089785"
70,"0.091753,0.091028,0.091390,0.090232,0.089222,0.091341,0.091448,0.091100,0.090511,0.088979,0.092996"
71,"0.080769,0.096111,0.095057,0.085509,0.086761,0.092701,0.091354,0.094154,0.094717,0.088876,0.093990"
72,"0.091552,0.091545,0.091234,0.090764,0.090077,0.092269,0.090457,0.089892,0.092305,0.089040,0.090865"
73,"0.090521,0.091114,0.091321,0.091647,0.091008,0.090647,0.091646,0.088577,0.092056,0.090995,0.090468"
74,"0.091116,0.091474,0.091039,0.092269,0.091769,0.091046,0.091737,0.087293,0.091765,0.090189,0.090303"
75,"0.091492,0.090375,0.091788,0.091844,0.092167,0.091729,0.089207,0.090161,0.094069,0.088159,0.089009"
76,"0.090718,0.089410,0.091621,0.091555,0.091616,0.089590,0.091458,0.092673,0.091527,0.089993,0.089840"
77,"0.089464,0.090492,0.090382,0.090568,0.089693,0.093352,0.091132,0.091663,0.092717,0.089994,0.090544"
78,"0.092343,0.091296,0.091104,0.090415,0.091224,0.092229,0.090113,0.090118,0.092576,0.088455,0.090126"
79,"0.089276,0.091050,0.090288,0.093140,0.094022,0.089999,0.094337,0.083793,0.089559,0.093193,0.091343"
80,"0.094532,0.091510,0.092073,0.087518,0.086313,0.092844,0.086809,0.097460,0.095773,0.085192,0.089977"
81,"0.090549,0.090217,0.090762,0.093099,0.094124,0.091120,0.093589,0.085153,0.090468,0.091362,0.089557"
82,"0.091420,0.090726,0.089799,0.092208,0.092930,0.091213,0.093293,0.086477,0.091076,0.091416,0.089443"
83,"0.091025,0.091397,0.090465,0.091656,0.091761,0.091837,0.090738,0.089567,0.092521,0.088977,0.090056"
84,"0.091632,0.091063,0.090074,0.092112,0.093420,0.091351,0.091339,0.087832,0.092028,0.088963,0.090186"
85,"0.093558,0.091219,0.092089,0.091401,0.089162,0.091407,0.091051,0.089704,0.091056,0.087893,0.091460"
86,"0.093410,0.093123,0.092596,0.089896,0.090311,0.089220,0.087848,0.093080,0.090329,0.087876,0.092308"
87,"0.092449,0.091367,0.090654,0.091232,0.090985,0.091121,0.090950,0.090183,0.091435,0.089171,0.090453"
88,"0.092675,0.092840,0.089830,0.090176,0.090325,0.091274,0.090594,0.089160,0.092532,0.088521,0.092073"
89,"0.090202,0.090545,0.091454,0.091629,0.091502,0.091877,0.090537,0.090174,0.092061,0.090824,0.089196"
90,"0.092507,0.091463,0.090832,0.090806,0.092166,0.090888,0.090163,0.090087,0.091226,0.089588,0.090276"
91,"0.086098,0.086917,0.092007,0.093552,0.088520,0.089601,0.087222,0.105558,0.093533,0.089715,0.087277"
92,"0.096823,0.092144,0.095530,0.080650,0.077314,0.091273,0.081645,0.117668,0.094396,0.082847,0.089710"
93,"0.091287,0.091772,0.090656,0.093029,0.091399,0.091949,0.090977,0.086705,0.091633,0.090557,0.090037"
94,"0.093419,0.093373,0.090099,0.092267,0.091992,0.089942,0.089746,0.091268,0.090612,0.087439,0.089842"
95,"0.091361,0.088915,0.092308,0.090354,0.090890,0.089938,0.091223,0.093873,0.091110,0.090852,0.089176"
96,"0.089304,0.090249,0.090780,0.092977,0.092150,0.090618,0.093715,0.086520,0.092414,0.091652,0.089621"
97,"0.092324,0.092339,0.090136,0.090977,0.092073,0.092201,0.091602,0.086165,0.091041,0.089843,0.091301"
98,"0.094596,0.090440,0.092940,0.088738,0.088202,0.089994,0.087886,0.098315,0.090629,0.087084,0.091176"
99,"0.090501,0.092190,0.090582,0.092449,0.090547,0.093469,0.090192,0.089033,0.092470,0.089502,0.089067"
100,"0.090089,0.090966,0.091304,0.091475,0.092657,0.091158,0.092988,0.085611,0.092100,0.090903,0.090749"
101,"0.090193,0.090921,0.090605,0.091718,0.093406,0.090710,0.093324,0.086624,0.092562,0.090792,0.089147"
102,"0.091186,0.091767,0.089458,0.092535,0.092970,0.090621,0.092379,0.087225,0.090885,0.090956,0.090020"
103,"0.091397,0.090509,0.090557,0.091517,0.093621,0.089925,0.092968,0.085813,0.090860,0.092062,0.090771"
104,"0.089212,0.092423,0.091014,0.091927,0.092942,0.090912,0.091759,0.085944,0.093802,0.090222,0.089845"
105,"0.091989,0.091447,0.089558,0.090424,0.089712,0.092115,0.090755,0.090940,0.091534,0.090382,0.091144"
106,"0.095607,0.091306,0.091561,0.090167,0.088911,0.089478,0.088825,0.096061,0.090654,0.086616,0.090814"
107,"0.097859,0.090757,0.093253,0.090417,0.090389,0.085813,0.088126,0.097340,0.087469,0.085987,0.092589"
108,"0.091721,0.091394,0.090633,0.091972,0.090625,0.090002,0.091253,0.091318,0.091278,0.089598,0.090207"
109,"0.090306,0.090797,0.091381,0.091806,0.093182,0.091030,0.091371,0.088999,0.092194,0.089936,0.088999"
110,"0.092298,0.091397,0.089823,0.090967,0.092686,0.091976,0.092727,0.086368,0.090854,0.089950,0.090953"
111,"0.091435,0.090376,0.090316,0.091363,0.091882,0.090747,0.091157,0.090076,0.093157,0.089662,0.089829"
112,"0.088819,0.091242,0.091069,0.090876,0.092821,0.092203,0.091563,0.087978,0.090270,0.090955,0.092203"
113,"0.090683,0.091691,0.090128,0.092468,0.092613,0.091056,0.092407,0.086724,0.091525,0.090035,0.090670"
114,"0.092779,0.091199,0.090588,0.091139,0.089917,0.090320,0.090143,0.092153,0.092447,0.088601,0.090714"
115,"0.090845,0.090511,0.090725,0.091016,0.092107,0.091735,0.092744,0.087260,0.091169,0.091112,0.090775"
116,"0.091168,0.090963,0.091155,0.092040,0.091637,0.090929,0.091951,0.088699,0.091495,0.090064,0.089900"
117,"0.092709,0.092366,0.090399,0.090178,0.091894,0.091268,0.089864,0.090620,0.091674,0.089033,0.089996"
118,"0.091501,0.090629,0.090738,0.092373,0.090477,0.091347,0.091855,0.088804,0.090903,0.090665,0.090708"
119,"0.090272,0.090814,0.091275,0.091658,0.091936,0.091116,0.091913,0.088914,0.092361,0.089770,0.089971"
120,"0.089522,0.090832,0.089939,0.090739,0.094266,0.092128,0.091002,0.087256,0.091034,0.092178,0.091105"
121,"0.091284,0.091580,0.090617,0.091948,0.092179,0.090900,0.092505,0.087748,0.090949,0.090654,0.089636"
122,"0.091646,0.091149,0.090868,0.091286,0.091822,0.091585,0.091915,0.087926,0.091890,0.089648,0.090263"
123,"0.091890,0.091286,0.090169,0.090969,0.091686,0.091328,0.091994,0.088813,0.091185,0.090575,0.090105"
124,"0.089848,0.092424,0.089918,0.090971,0.092393,0.090791,0.090750,0.089164,0.092672,0.090279,0.090790"
125,"0.091803,0.091422,0.090910,0.091463,0.091480,0.091384,0.090078,0.090006,0.092655,0.089056,0.089744"
126,"0.091853,0.094623,0.088049,0.089046,0.089566,0.091606,0.092871,0.084883,0.094190,0.088741,0.094572"
127,"0.091323,0.090829,0.090762,0.090470,0.090697,0.091109,0.091645,0.090865,0.090709,0.091278,0.090312"
128,"0.092138,0.091002,0.090533,0.091436,0.091141,0.091134,0.091611,0.089368,0.091339,0.090272,0.090025"
129,"0.090456,0.091164,0.090942,0.091556,0.091861,0.091921,0.090982,0.088736,0.092891,0.090107,0.089384"
130,"0.091757,0.090649,0.091022,0.091941,0.092339,0.090591,0.091746,0.088598,0.091635,0.089865,0.089858"
131,"0.092135,0.091318,0.090640,0.090907,0.090126,0.091683,0.090687,0.090792,0.091603,0.089771,0.090339"
132,"0.092854,0.092238,0.090756,0.090206,0.090588,0.092404,0.091243,0.089350,0.091064,0.088357,0.090938"
133,"0.091362,0.091125,0.090831,0.091962,0.091773,0.091484,0.091664,0.088046,0.091608,0.090221,0.089922"
134,"0.092177,0.091176,0.090753,0.090910,0.091089,0.091457,0.091208,0.090103,0.090758,0.090317,0.090052"
135,"0.092657,0.091213,0.090368,0.091000,0.091116,0.091467,0.090737,0.090500,0.091113,0.089741,0.090089"
136,"0.091199,0.091700,0.090675,0.091329,0.091263,0.090724,0.091605,0.088666,0.091573,0.090532,0.090733"
137,"0.092267,0.092003,0.090584,0.091613,0.091775,0.090551,0.090947,0.089027,0.091681,0.089380,0.090173"
138,"0.091702,0.091317,0.091191,0.091860,0.092867,0.091625,0.091597,0.087231,0.091520,0.089338,0.089752"
139,"0.091435,0.091269,0.091016,0.091211,0.090399,0.091595,0.090820,0.090605,0.091881,0.089464,0.090304"
140,"0.091247,0.091423,0.090335,0.091518,0.091964,0.091053,0.091853,0.088281,0.091772,0.089635,0.090919"
141,"0.092109,0.091595,0.090526,0.091489,0.091604,0.091599,0.090771,0.088874,0.092459,0.088837,0.090135"
142,"0.091373,0.092691,0.090465,0.090372,0.090927,0.091233,0.090520,0.090270,0.091270,0.089375,0.091506"
143,"0.092072,0.091461,0.091142,0.091162,0.091321,0.091352,0.091433,0.089104,0.091217,0.089693,0.090043"
144,"0.091795,0.091015,0.090352,0.091424,0.091927,0.091489,0.091729,0.088753,0.090858,0.090802,0.089856"
145,"0.091683,0.090658,0.090740,0.091325,0.091762,0.091185,0.091757,0.089048,0.091705,0.090591,0.089545"
146,"0.090073,0.091207,0.091620,0.091813,0.093637,0.090715,0.092137,0.087496,0.092276,0.089952,0.089075"
147,"0.091229,0.090433,0.091079,0.091293,0.091005,0.091650,0.091467,0.089398,0.092669,0.090197,0.089580"
148,"0.091969,0.090921,0.090601,0.091710,0.091879,0.091312,0.091829,0.088680,0.091061,0.090064,0.089976"
149,"0.091298,0.091009,0.090880,0.091604,0.092355,0.091561,0.091795,0.088160,0.091729,0.089761,0.089848"
150,"0.092002,0.091209,0.090416,0.091096,0.091281,0.091552,0.090936,0.089616,0.091959,0.089950,0.089984"
151,"0.090164,0.091422,0.090337,0.091810,0.092549,0.091103,0.092167,0.086913,0.091919,0.090647,0.090968"
152,"0.090969,0.091707,0.090774,0.091370,0.092030,0.091512,0.090354,0.089832,0.091663,0.089605,0.090185"
