Character id,Persona Prob Vec
A_Case_of_Two_Cities_0,"0.097719,0.097855,0.099810,0.098090,0.102229,0.097269,0.107847,0.101104,0.098117,0.099962"
A_Case_of_Two_Cities_1,"0.096861,0.093349,0.102179,0.099674,0.105183,0.102220,0.106838,0.098925,0.093982,0.100789"
A_Case_of_Two_Cities_1001,"0.101079,0.102880,0.100830,0.109950,0.098120,0.106464,0.088135,0.095549,0.096392,0.100601"
A_Case_of_Two_Cities_1003,"0.102674,0.098351,0.099093,0.100974,0.099656,0.103483,0.097039,0.099559,0.098825,0.100346"
A_Case_of_Two_Cities_1018,"0.099728,0.110007,0.104137,0.111669,0.089665,0.109600,0.074705,0.100461,0.098380,0.101648"
A_Case_of_Two_Cities_1021,"0.097110,0.102776,0.107345,0.109681,0.098235,0.102656,0.095676,0.091843,0.098746,0.095931"
A_Case_of_Two_Cities_1030,"0.092128,0.096157,0.101859,0.099609,0.100572,0.098009,0.119554,0.095704,0.094110,0.102298"
A_Case_of_Two_Cities_1061,"0.092548,0.095680,0.103568,0.100714,0.102789,0.099241,0.113461,0.096784,0.093479,0.101736"
A_Case_of_Two_Cities_1062,"0.093207,0.094131,0.104297,0.098140,0.104346,0.096994,0.114358,0.100198,0.095261,0.099068"
A_Case_of_Two_Cities_1077,"0.092235,0.097953,0.104627,0.100984,0.104372,0.097056,0.114188,0.094185,0.093302,0.101098"
A_Case_of_Two_Cities_1079,"0.091301,0.087810,0.110349,0.107120,0.102233,0.109948,0.092335,0.099434,0.095106,0.104365"
A_Case_of_Two_Cities_1081,"0.094248,0.097828,0.100144,0.101113,0.104520,0.097847,0.109028,0.098356,0.095761,0.101155"
A_Case_of_Two_Cities_1083,"0.097709,0.099762,0.102199,0.100403,0.098810,0.099146,0.102675,0.099373,0.098522,0.101402"
A_Case_of_Two_Cities_1084,"0.092581,0.099204,0.102475,0.100990,0.102776,0.098074,0.110597,0.097672,0.093424,0.102206"
A_Case_of_Two_Cities_1108,"0.098187,0.099854,0.099309,0.099062,0.100559,0.098731,0.104823,0.101349,0.098146,0.099980"
A_Case_of_Two_Cities_1111,"0.087259,0.088119,0.104055,0.093766,0.108461,0.095722,0.137077,0.093393,0.093294,0.098855"
A_Case_of_Two_Cities_1125,"0.118956,0.112992,0.100771,0.102587,0.084359,0.113479,0.065573,0.093233,0.098791,0.109260"
A_Case_of_Two_Cities_1132,"0.110035,0.110917,0.100594,0.110927,0.093131,0.104974,0.079903,0.090939,0.098894,0.099686"
A_Case_of_Two_Cities_1141,"0.086186,0.095456,0.110565,0.102538,0.101475,0.089818,0.128933,0.097564,0.093512,0.093954"
A_Case_of_Two_Cities_1148,"0.098242,0.098999,0.099612,0.099466,0.101482,0.103792,0.103584,0.097779,0.097473,0.099571"
A_Case_of_Two_Cities_1155,"0.089016,0.093378,0.103648,0.102303,0.112684,0.100958,0.114694,0.093734,0.096286,0.093298"
A_Case_of_Two_Cities_1166,"0.095449,0.095902,0.103963,0.100067,0.103872,0.098125,0.108290,0.097940,0.097511,0.098882"
A_Case_of_Two_Cities_1178,"0.090008,0.092875,0.103750,0.105674,0.104172,0.099980,0.114463,0.096616,0.095061,0.097401"
A_Case_of_Two_Cities_1182,"0.091645,0.090954,0.099642,0.098509,0.107508,0.094279,0.125200,0.098532,0.094641,0.099090"
A_Case_of_Two_Cities_1184,"0.097119,0.098327,0.102205,0.098205,0.101132,0.097655,0.106406,0.098897,0.099103,0.100952"
A_Case_of_Two_Cities_1196,"0.096355,0.094551,0.100933,0.101698,0.102459,0.099348,0.110405,0.097020,0.095603,0.101628"
A_Case_of_Two_Cities_1198,"0.099204,0.099541,0.099032,0.099784,0.101869,0.098006,0.104500,0.099137,0.098337,0.100592"
A_Case_of_Two_Cities_1215,"0.092581,0.099204,0.102475,0.100990,0.102776,0.098074,0.110597,0.097672,0.093424,0.102206"
A_Case_of_Two_Cities_1220,"0.100461,0.096334,0.102109,0.103094,0.097967,0.102125,0.101769,0.099373,0.095675,0.101093"
A_Case_of_Two_Cities_1222,"0.093409,0.094168,0.105434,0.105154,0.107528,0.098829,0.105900,0.089481,0.100556,0.099541"
A_Case_of_Two_Cities_123,"0.088728,0.097297,0.107913,0.098180,0.101886,0.099855,0.109405,0.099102,0.095576,0.102058"
A_Case_of_Two_Cities_1235,"0.101549,0.106119,0.104316,0.104491,0.095762,0.102998,0.093582,0.099255,0.094997,0.096930"
A_Case_of_Two_Cities_1237,"0.036817,0.048653,0.119731,0.059918,0.122594,0.062477,0.320015,0.066065,0.067959,0.095771"
A_Case_of_Two_Cities_1252,"0.111511,0.094286,0.105867,0.106990,0.093661,0.114196,0.073355,0.086619,0.099943,0.113573"
A_Case_of_Two_Cities_1257,"0.096342,0.100341,0.101419,0.099250,0.100988,0.098839,0.103083,0.099160,0.095980,0.104598"
A_Case_of_Two_Cities_1267,"0.095824,0.094185,0.101345,0.101361,0.103078,0.102241,0.108016,0.098734,0.096449,0.098767"
A_Case_of_Two_Cities_1274,"0.096301,0.102348,0.106627,0.104979,0.104688,0.112561,0.091231,0.085881,0.096990,0.098396"
A_Case_of_Two_Cities_1275,"0.082032,0.081410,0.104208,0.095172,0.114974,0.096926,0.149041,0.094265,0.087298,0.094673"
A_Case_of_Two_Cities_1306,"0.095076,0.089522,0.100150,0.101273,0.108522,0.098619,0.118493,0.094884,0.094946,0.098514"
A_Case_of_Two_Cities_1315,"0.094079,0.097544,0.104100,0.104979,0.101859,0.099920,0.101822,0.097942,0.095153,0.102603"
A_Case_of_Two_Cities_1336,"0.094296,0.096747,0.102370,0.102885,0.104415,0.095489,0.108328,0.097576,0.096166,0.101728"
A_Case_of_Two_Cities_1373,"0.093169,0.098217,0.102205,0.100171,0.102075,0.098746,0.111100,0.098218,0.093975,0.102123"
A_Case_of_Two_Cities_1381,"0.103266,0.101528,0.100169,0.103815,0.101397,0.103132,0.089353,0.097135,0.100332,0.099874"
A_Case_of_Two_Cities_1390,"0.086458,0.085186,0.104932,0.098060,0.113798,0.090897,0.128713,0.092520,0.092898,0.106536"
A_Case_of_Two_Cities_142,"0.101955,0.097047,0.100086,0.107207,0.102158,0.103422,0.093912,0.096388,0.097253,0.100572"
A_Case_of_Two_Cities_1422,"0.100949,0.101145,0.102062,0.099760,0.099197,0.102172,0.097812,0.095355,0.100109,0.101440"
A_Case_of_Two_Cities_1434,"0.092548,0.095680,0.103568,0.100714,0.102789,0.099241,0.113461,0.096784,0.093479,0.101736"
A_Case_of_Two_Cities_1436,"0.093834,0.093032,0.105106,0.100207,0.106180,0.099007,0.112342,0.095433,0.096101,0.098758"
A_Case_of_Two_Cities_1455,"0.102488,0.099800,0.101634,0.105339,0.098996,0.107605,0.089044,0.095683,0.099733,0.099676"
A_Case_of_Two_Cities_1456,"0.093659,0.092098,0.100737,0.099251,0.107451,0.098303,0.121694,0.097661,0.093560,0.095585"
A_Case_of_Two_Cities_1460,"0.095788,0.097408,0.102593,0.099138,0.104659,0.098057,0.108702,0.096586,0.096358,0.100712"
A_Case_of_Two_Cities_1462,"0.096736,0.099901,0.102079,0.100962,0.101032,0.101126,0.101194,0.098390,0.094568,0.104013"
A_Case_of_Two_Cities_1465,"0.095377,0.099146,0.102686,0.098507,0.102252,0.098442,0.108613,0.098597,0.091929,0.104452"
A_Case_of_Two_Cities_1466,"0.096592,0.098468,0.100109,0.102205,0.098799,0.102944,0.101947,0.097464,0.097034,0.104439"
A_Case_of_Two_Cities_1469,"0.095453,0.093792,0.101033,0.101176,0.104821,0.100659,0.111045,0.098132,0.095259,0.098631"
A_Case_of_Two_Cities_1496,"0.085019,0.083474,0.101287,0.094620,0.118044,0.093211,0.143604,0.091163,0.092590,0.096988"
A_Case_of_Two_Cities_1528,"0.087575,0.092158,0.107878,0.100235,0.110639,0.095520,0.121140,0.091776,0.096551,0.096527"
A_Case_of_Two_Cities_1542,"0.087369,0.085010,0.100592,0.095911,0.113587,0.093645,0.137752,0.099652,0.091134,0.095348"
A_Case_of_Two_Cities_1552,"0.100662,0.093938,0.101800,0.103387,0.102246,0.106435,0.097297,0.096679,0.095771,0.101785"
A_Case_of_Two_Cities_1578,"0.089220,0.094133,0.105214,0.101194,0.110359,0.102156,0.109895,0.092311,0.095259,0.100260"
A_Case_of_Two_Cities_1580,"0.095084,0.094554,0.101006,0.100283,0.102538,0.099809,0.107294,0.098457,0.095928,0.105048"
A_Case_of_Two_Cities_1585,"0.097760,0.098703,0.098883,0.103104,0.102658,0.100353,0.106445,0.093241,0.095994,0.102858"
A_Case_of_Two_Cities_1587,"0.086587,0.088492,0.106492,0.099640,0.109604,0.097980,0.123117,0.095729,0.094827,0.097535"
A_Case_of_Two_Cities_1593,"0.088236,0.091034,0.101857,0.101144,0.109549,0.094706,0.121482,0.097729,0.096069,0.098194"
A_Case_of_Two_Cities_1612,"0.099699,0.102114,0.103092,0.104593,0.101114,0.102961,0.092541,0.094473,0.100138,0.099275"
A_Case_of_Two_Cities_1639,"0.093059,0.098627,0.099065,0.102408,0.102731,0.097128,0.114015,0.099324,0.092287,0.101357"
A_Case_of_Two_Cities_1644,"0.096951,0.096614,0.103246,0.099318,0.103152,0.102867,0.105626,0.098530,0.092988,0.100708"
A_Case_of_Two_Cities_1653,"0.095349,0.096864,0.102077,0.101305,0.104892,0.099606,0.105230,0.097971,0.098064,0.098642"
A_Case_of_Two_Cities_1654,"0.097148,0.096781,0.097334,0.099696,0.100713,0.097725,0.112990,0.102712,0.096191,0.098711"
A_Case_of_Two_Cities_1656,"0.099636,0.098834,0.103172,0.101448,0.099617,0.105814,0.099024,0.096023,0.096549,0.099883"
A_Case_of_Two_Cities_1672,"0.089679,0.096246,0.104055,0.097514,0.103817,0.094420,0.119777,0.095718,0.091259,0.107515"
A_Case_of_Two_Cities_1674,"0.095727,0.098705,0.100451,0.098999,0.102595,0.097809,0.106731,0.101053,0.096556,0.101374"
A_Case_of_Two_Cities_1679,"0.097311,0.102583,0.104483,0.102392,0.102152,0.100451,0.097376,0.096091,0.097304,0.099858"
A_Case_of_Two_Cities_1684,"0.092581,0.099204,0.102475,0.100990,0.102776,0.098074,0.110597,0.097672,0.093424,0.102206"
A_Case_of_Two_Cities_1698,"0.097925,0.097019,0.100769,0.098065,0.102777,0.098086,0.107465,0.099792,0.098207,0.099895"
A_Case_of_Two_Cities_1704,"0.102055,0.100927,0.100084,0.099605,0.100916,0.099563,0.098212,0.097878,0.099718,0.101042"
A_Case_of_Two_Cities_1737,"0.094023,0.095868,0.101843,0.099299,0.104964,0.096177,0.115097,0.099083,0.094575,0.099070"
A_Case_of_Two_Cities_1738,"0.095023,0.098117,0.103469,0.099240,0.102497,0.098994,0.109256,0.097104,0.094925,0.101376"
A_Case_of_Two_Cities_1749,"0.095824,0.094185,0.101345,0.101361,0.103078,0.102241,0.108016,0.098734,0.096449,0.098767"
A_Case_of_Two_Cities_1777,"0.093070,0.091907,0.104602,0.103534,0.107865,0.103992,0.110100,0.088454,0.097001,0.099475"
A_Case_of_Two_Cities_179,"0.098138,0.098190,0.099835,0.098624,0.101854,0.097983,0.105649,0.100942,0.099079,0.099705"
A_Case_of_Two_Cities_1794,"0.096517,0.101981,0.106287,0.102182,0.102029,0.103297,0.097267,0.093574,0.097773,0.099093"
A_Case_of_Two_Cities_1804,"0.087575,0.092158,0.107878,0.100235,0.110639,0.095520,0.121140,0.091776,0.096551,0.096527"
A_Case_of_Two_Cities_181,"0.098823,0.098451,0.099908,0.099720,0.101999,0.098815,0.104159,0.100585,0.097869,0.099672"
A_Case_of_Two_Cities_1811,"0.097573,0.098622,0.103205,0.099242,0.104761,0.098640,0.105155,0.097704,0.096786,0.098313"
A_Case_of_Two_Cities_1812,"0.099327,0.100704,0.101265,0.100939,0.100898,0.100455,0.098273,0.097762,0.098777,0.101599"
A_Case_of_Two_Cities_182,"0.084863,0.082189,0.100178,0.097325,0.116068,0.090861,0.141719,0.095014,0.093212,0.098571"
A_Case_of_Two_Cities_1820,"0.100364,0.100247,0.102442,0.101603,0.101425,0.102035,0.094439,0.097022,0.098113,0.102310"
A_Case_of_Two_Cities_183,"0.097079,0.098249,0.101164,0.101722,0.105842,0.099372,0.101569,0.096551,0.098714,0.099737"
A_Case_of_Two_Cities_184,"0.099280,0.102639,0.102950,0.106178,0.100312,0.106789,0.094440,0.091577,0.094488,0.101348"
A_Case_of_Two_Cities_186,"0.102703,0.102958,0.098636,0.100601,0.099059,0.101921,0.094123,0.099019,0.101678,0.099301"
A_Case_of_Two_Cities_1882,"0.096749,0.102097,0.101904,0.101154,0.099757,0.104008,0.103106,0.094479,0.096764,0.099980"
A_Case_of_Two_Cities_1884,"0.082673,0.090784,0.107560,0.098075,0.110238,0.091586,0.134845,0.094362,0.091328,0.098550"
A_Case_of_Two_Cities_189,"0.095908,0.094620,0.104243,0.100038,0.103664,0.101850,0.108752,0.098474,0.094156,0.098295"
A_Case_of_Two_Cities_1893,"0.097818,0.095835,0.099304,0.099925,0.103741,0.104266,0.104097,0.098345,0.094031,0.102637"
A_Case_of_Two_Cities_1894,"0.092104,0.091614,0.100259,0.100699,0.105360,0.094890,0.121868,0.098016,0.091891,0.103299"
A_Case_of_Two_Cities_1906,"0.102147,0.101669,0.102571,0.102977,0.098085,0.102717,0.093515,0.098303,0.098606,0.099410"
A_Case_of_Two_Cities_191,"0.100541,0.100024,0.101068,0.099605,0.100247,0.100056,0.098896,0.100132,0.099063,0.100368"
A_Case_of_Two_Cities_192,"0.101232,0.099723,0.101203,0.101232,0.097928,0.104331,0.098156,0.097841,0.098164,0.100191"
A_Case_of_Two_Cities_194,"0.101683,0.105684,0.101040,0.103337,0.097687,0.106395,0.090073,0.093146,0.100690,0.100265"
A_Case_of_Two_Cities_1944,"0.089072,0.090940,0.107393,0.103384,0.111106,0.097999,0.115044,0.096486,0.088407,0.100169"
A_Case_of_Two_Cities_195,"0.097811,0.099518,0.102684,0.102783,0.102205,0.100420,0.097604,0.099972,0.097636,0.099368"
A_Case_of_Two_Cities_1952,"0.109086,0.098555,0.104116,0.112889,0.089690,0.107676,0.079522,0.095040,0.102072,0.101353"
A_Case_of_Two_Cities_1972,"0.106031,0.106861,0.099879,0.102759,0.090085,0.111438,0.094664,0.083328,0.099110,0.105843"
A_Case_of_Two_Cities_198,"0.098236,0.098179,0.100670,0.099098,0.101956,0.098623,0.103652,0.100231,0.099636,0.099719"
A_Case_of_Two_Cities_199,"0.099807,0.103130,0.101654,0.102768,0.099395,0.102170,0.093764,0.097862,0.101303,0.098147"
A_Case_of_Two_Cities_1998,"0.098847,0.100765,0.102347,0.099871,0.102959,0.103431,0.102364,0.095133,0.097391,0.096893"
A_Case_of_Two_Cities_200,"0.097238,0.096802,0.102173,0.099300,0.102742,0.098821,0.105995,0.099211,0.098432,0.099285"
A_Case_of_Two_Cities_2001,"0.095742,0.097792,0.102619,0.103846,0.104629,0.099690,0.100313,0.099922,0.098106,0.097341"
A_Case_of_Two_Cities_2009,"0.097366,0.098523,0.102918,0.100340,0.098467,0.102868,0.099111,0.097323,0.098588,0.104495"
A_Case_of_Two_Cities_201,"0.095018,0.099317,0.104998,0.101520,0.101415,0.101063,0.101944,0.096406,0.097246,0.101074"
A_Case_of_Two_Cities_203,"0.096331,0.096681,0.102296,0.099399,0.102988,0.099124,0.106035,0.098501,0.099237,0.099407"
A_Case_of_Two_Cities_207,"0.100270,0.101837,0.103658,0.103410,0.099615,0.102327,0.096965,0.091851,0.098798,0.101270"
A_Case_of_Two_Cities_2078,"0.092581,0.099204,0.102475,0.100990,0.102776,0.098074,0.110597,0.097672,0.093424,0.102206"
A_Case_of_Two_Cities_2099,"0.101467,0.104705,0.101359,0.104143,0.100409,0.104073,0.091092,0.092275,0.097728,0.102750"
A_Case_of_Two_Cities_210,"0.096416,0.097988,0.102378,0.096110,0.099285,0.096857,0.106825,0.101835,0.095207,0.107099"
A_Case_of_Two_Cities_2103,"0.094691,0.094085,0.102983,0.101426,0.105431,0.096006,0.114685,0.098848,0.096000,0.095846"
A_Case_of_Two_Cities_211,"0.098192,0.099142,0.101139,0.099571,0.101873,0.099322,0.101484,0.099504,0.099516,0.100256"
A_Case_of_Two_Cities_212,"0.092082,0.094688,0.103929,0.100831,0.106682,0.097395,0.114661,0.095185,0.096238,0.098309"
A_Case_of_Two_Cities_2146,"0.098310,0.100756,0.104803,0.105023,0.100977,0.103585,0.094682,0.090696,0.102109,0.099060"
A_Case_of_Two_Cities_2148,"0.072583,0.066703,0.106765,0.083845,0.128777,0.081626,0.211339,0.089437,0.080195,0.078730"
A_Case_of_Two_Cities_2151,"0.089514,0.092390,0.102768,0.100197,0.107515,0.095641,0.119087,0.101507,0.092902,0.098478"
A_Case_of_Two_Cities_2152,"0.089949,0.095412,0.105430,0.100198,0.104162,0.097220,0.112557,0.099033,0.093806,0.102231"
A_Case_of_Two_Cities_2153,"0.106676,0.109883,0.107086,0.111486,0.092364,0.113408,0.071684,0.086383,0.098498,0.102532"
A_Case_of_Two_Cities_2158,"0.099941,0.099558,0.099502,0.099874,0.101449,0.100526,0.099321,0.101152,0.098749,0.099929"
A_Case_of_Two_Cities_216,"0.098042,0.097881,0.100253,0.098815,0.102363,0.098019,0.105500,0.100529,0.098927,0.099671"
A_Case_of_Two_Cities_2161,"0.094146,0.093112,0.099517,0.099448,0.106050,0.097990,0.118609,0.098390,0.095313,0.097425"
A_Case_of_Two_Cities_2166,"0.096208,0.098828,0.101495,0.099409,0.102622,0.097740,0.108162,0.099665,0.095513,0.100358"
A_Case_of_Two_Cities_2167,"0.101152,0.100608,0.102190,0.104602,0.097164,0.103266,0.092422,0.099398,0.098328,0.100872"
A_Case_of_Two_Cities_217,"0.094133,0.100828,0.100585,0.100579,0.103834,0.098452,0.107041,0.099566,0.094490,0.100491"
A_Case_of_Two_Cities_2174,"0.097490,0.102694,0.101827,0.101448,0.099964,0.100056,0.099668,0.096088,0.098639,0.102126"
A_Case_of_Two_Cities_2179,"0.091946,0.093242,0.102843,0.099320,0.104489,0.096997,0.118704,0.098580,0.096432,0.097447"
A_Case_of_Two_Cities_2183,"0.104527,0.098180,0.102793,0.105574,0.106439,0.101601,0.087489,0.092964,0.097344,0.103088"
A_Case_of_Two_Cities_2189,"0.093310,0.092774,0.100644,0.100242,0.107434,0.097509,0.120376,0.097248,0.094347,0.096116"
A_Case_of_Two_Cities_219,"0.097672,0.095692,0.100220,0.098595,0.103640,0.097088,0.108705,0.100775,0.098937,0.098677"
A_Case_of_Two_Cities_2190,"0.092397,0.095983,0.101301,0.099616,0.105329,0.094989,0.114936,0.100076,0.095502,0.099870"
A_Case_of_Two_Cities_2191,"0.090463,0.095761,0.105372,0.100083,0.104981,0.092470,0.120146,0.098134,0.097332,0.095258"
A_Case_of_Two_Cities_2196,"0.096988,0.095604,0.101391,0.101538,0.101505,0.101216,0.107172,0.098020,0.094967,0.101598"
A_Case_of_Two_Cities_220,"0.096061,0.098192,0.102523,0.099705,0.101388,0.096475,0.107724,0.099829,0.098902,0.099201"
A_Case_of_Two_Cities_221,"0.097558,0.094572,0.100386,0.096623,0.104675,0.094489,0.115548,0.098973,0.097239,0.099937"
A_Case_of_Two_Cities_2219,"0.099652,0.102212,0.102960,0.101059,0.093621,0.100881,0.091103,0.097254,0.097077,0.114182"
A_Case_of_Two_Cities_222,"0.077623,0.088026,0.115661,0.096184,0.108395,0.091365,0.130943,0.097348,0.080854,0.113601"
A_Case_of_Two_Cities_224,"0.087575,0.092158,0.107878,0.100235,0.110639,0.095520,0.121140,0.091776,0.096551,0.096527"
A_Case_of_Two_Cities_2247,"0.070664,0.070260,0.102666,0.091883,0.120789,0.079015,0.204350,0.092456,0.080773,0.087146"
A_Case_of_Two_Cities_226,"0.093842,0.098282,0.102497,0.102573,0.101178,0.101737,0.105960,0.095619,0.098251,0.100061"
A_Case_of_Two_Cities_2264,"0.093310,0.092774,0.100644,0.100242,0.107434,0.097509,0.120376,0.097248,0.094347,0.096116"
A_Case_of_Two_Cities_227,"0.095347,0.094896,0.100324,0.100472,0.105983,0.097558,0.113293,0.098671,0.096060,0.097396"
A_Case_of_Two_Cities_228,"0.097919,0.099574,0.101612,0.100001,0.101344,0.098813,0.101591,0.099124,0.098778,0.101243"
A_Case_of_Two_Cities_229,"0.093646,0.094243,0.103302,0.100687,0.108883,0.097546,0.110202,0.094802,0.096997,0.099693"
A_Case_of_Two_Cities_2300,"0.099032,0.099183,0.104837,0.101225,0.100730,0.100302,0.101183,0.096350,0.095521,0.101637"
A_Case_of_Two_Cities_2306,"0.100364,0.099475,0.098666,0.100506,0.099492,0.103375,0.100124,0.097871,0.098897,0.101229"
A_Case_of_Two_Cities_231,"0.096758,0.098662,0.102049,0.100423,0.102140,0.098296,0.104977,0.100126,0.097286,0.099282"
A_Case_of_Two_Cities_2310,"0.089153,0.092285,0.100937,0.100525,0.109629,0.092942,0.122783,0.099844,0.094586,0.097315"
A_Case_of_Two_Cities_2313,"0.092916,0.106624,0.094449,0.106274,0.103999,0.095154,0.101702,0.103124,0.089869,0.105889"
A_Case_of_Two_Cities_2315,"0.097128,0.100333,0.102248,0.103681,0.095800,0.101731,0.094290,0.096581,0.099578,0.108629"
A_Case_of_Two_Cities_2318,"0.096652,0.097164,0.103650,0.102040,0.102238,0.102876,0.104425,0.095092,0.094825,0.101037"
A_Case_of_Two_Cities_232,"0.098565,0.098293,0.098195,0.099923,0.101673,0.096773,0.105096,0.101362,0.100642,0.099477"
A_Case_of_Two_Cities_233,"0.097300,0.098781,0.105450,0.098790,0.101987,0.102529,0.105242,0.094165,0.098165,0.097593"
A_Case_of_Two_Cities_234,"0.098278,0.098925,0.100524,0.098971,0.101751,0.099282,0.103387,0.099906,0.099130,0.099846"
A_Case_of_Two_Cities_2348,"0.099804,0.102526,0.098673,0.102940,0.094897,0.103448,0.091558,0.099088,0.095202,0.111864"
A_Case_of_Two_Cities_2350,"0.088888,0.095615,0.104950,0.100083,0.107837,0.095364,0.116698,0.096802,0.095006,0.098757"
A_Case_of_Two_Cities_2352,"0.089153,0.092285,0.100937,0.100525,0.109629,0.092942,0.122783,0.099844,0.094586,0.097315"
A_Case_of_Two_Cities_2353,"0.115528,0.105406,0.093405,0.104662,0.095078,0.104704,0.079168,0.100000,0.098131,0.103919"
A_Case_of_Two_Cities_236,"0.097208,0.096090,0.103015,0.100484,0.104232,0.098789,0.104080,0.097104,0.097654,0.101344"
A_Case_of_Two_Cities_2360,"0.097865,0.100891,0.103364,0.102238,0.099153,0.096549,0.103025,0.100428,0.096751,0.099736"
A_Case_of_Two_Cities_2369,"0.096652,0.097164,0.103650,0.102040,0.102238,0.102876,0.104425,0.095092,0.094825,0.101037"
A_Case_of_Two_Cities_237,"0.097826,0.098802,0.103277,0.100830,0.102413,0.098898,0.102199,0.096920,0.099833,0.099002"
A_Case_of_Two_Cities_2377,"0.098855,0.102562,0.101045,0.106943,0.098983,0.109861,0.084366,0.096483,0.096996,0.103906"
A_Case_of_Two_Cities_2379,"0.089553,0.092580,0.108820,0.104739,0.109675,0.102061,0.105601,0.093105,0.086597,0.107269"
A_Case_of_Two_Cities_2393,"0.092581,0.099204,0.102475,0.100990,0.102776,0.098074,0.110597,0.097672,0.093424,0.102206"
A_Case_of_Two_Cities_240,"0.096109,0.100511,0.103773,0.097016,0.099859,0.105415,0.102635,0.093272,0.099111,0.102299"
A_Case_of_Two_Cities_2407,"0.070819,0.096040,0.105141,0.088348,0.103816,0.077377,0.184555,0.098417,0.094101,0.081386"
A_Case_of_Two_Cities_241,"0.081579,0.085570,0.110673,0.093808,0.108605,0.086885,0.145889,0.092574,0.089010,0.105405"
A_Case_of_Two_Cities_2414,"0.097085,0.096801,0.101657,0.103059,0.100449,0.100020,0.105222,0.097873,0.096199,0.101636"
A_Case_of_Two_Cities_242,"0.092128,0.096157,0.101859,0.099609,0.100572,0.098009,0.119554,0.095704,0.094110,0.102298"
A_Case_of_Two_Cities_243,"0.102397,0.099290,0.098382,0.101098,0.100657,0.101453,0.098786,0.097275,0.098592,0.102071"
A_Case_of_Two_Cities_2436,"0.095541,0.101534,0.102934,0.101265,0.100010,0.097023,0.107369,0.098332,0.095437,0.100555"
A_Case_of_Two_Cities_244,"0.103547,0.098745,0.101478,0.101691,0.098749,0.103168,0.093356,0.098829,0.099574,0.100862"
A_Case_of_Two_Cities_2444,"0.094462,0.092376,0.103383,0.099376,0.105941,0.099207,0.116656,0.096566,0.093961,0.098071"
A_Case_of_Two_Cities_2448,"0.098960,0.096887,0.102699,0.101850,0.101675,0.103806,0.101134,0.098774,0.094998,0.099217"
A_Case_of_Two_Cities_2449,"0.097098,0.095930,0.102602,0.098647,0.102435,0.100105,0.109191,0.098674,0.094313,0.101005"
A_Case_of_Two_Cities_245,"0.096168,0.093687,0.104213,0.103883,0.103896,0.110669,0.095502,0.096248,0.097467,0.098267"
A_Case_of_Two_Cities_246,"0.087913,0.093136,0.102567,0.105188,0.111420,0.096420,0.116830,0.093394,0.095604,0.097527"
A_Case_of_Two_Cities_2461,"0.097512,0.100523,0.102169,0.102053,0.098742,0.099564,0.100532,0.095918,0.098350,0.104636"
A_Case_of_Two_Cities_247,"0.102271,0.100830,0.101763,0.101224,0.100754,0.102835,0.098252,0.095543,0.100342,0.096185"
A_Case_of_Two_Cities_2474,"0.093821,0.094208,0.099642,0.099908,0.103761,0.099782,0.116187,0.098493,0.094032,0.100165"
A_Case_of_Two_Cities_2477,"0.091155,0.101580,0.103453,0.104304,0.097561,0.100311,0.104329,0.099401,0.100033,0.097873"
A_Case_of_Two_Cities_2478,"0.093310,0.092774,0.100644,0.100242,0.107434,0.097509,0.120376,0.097248,0.094347,0.096116"
A_Case_of_Two_Cities_2482,"0.091677,0.089422,0.099338,0.099801,0.108184,0.098166,0.126929,0.097806,0.092211,0.096466"
A_Case_of_Two_Cities_2490,"0.094934,0.098177,0.100366,0.100298,0.100514,0.096220,0.111077,0.100635,0.097593,0.100187"
A_Case_of_Two_Cities_2496,"0.101655,0.100860,0.103625,0.104345,0.101717,0.103721,0.095847,0.090553,0.097707,0.099970"
A_Case_of_Two_Cities_2503,"0.096055,0.094984,0.099118,0.098999,0.102637,0.097373,0.112422,0.100579,0.096419,0.101415"
A_Case_of_Two_Cities_251,"0.091421,0.092965,0.104902,0.100080,0.106698,0.099086,0.113353,0.096084,0.097639,0.097773"
A_Case_of_Two_Cities_2524,"0.099365,0.097922,0.103246,0.099313,0.102034,0.100557,0.102892,0.096182,0.096211,0.102278"
A_Case_of_Two_Cities_2526,"0.095805,0.094759,0.102201,0.098258,0.104339,0.099331,0.109889,0.097353,0.094778,0.103286"
A_Case_of_Two_Cities_2527,"0.098691,0.102260,0.103098,0.104355,0.098697,0.101401,0.099533,0.093949,0.094637,0.103379"
A_Case_of_Two_Cities_253,"0.096596,0.097708,0.100014,0.099584,0.103423,0.098591,0.108014,0.099243,0.097218,0.099609"
A_Case_of_Two_Cities_2531,"0.098156,0.102756,0.102339,0.104189,0.101629,0.105483,0.097549,0.091366,0.097285,0.099246"
A_Case_of_Two_Cities_2536,"0.097085,0.096801,0.101657,0.103059,0.100449,0.100020,0.105222,0.097873,0.096199,0.101636"
A_Case_of_Two_Cities_254,"0.094839,0.093762,0.103980,0.098854,0.104627,0.097891,0.112143,0.098378,0.096173,0.099352"
A_Case_of_Two_Cities_255,"0.094746,0.097579,0.103625,0.102906,0.101498,0.099879,0.105822,0.093198,0.097287,0.103460"
A_Case_of_Two_Cities_2550,"0.096508,0.096086,0.101028,0.101658,0.101570,0.100485,0.109519,0.097015,0.093677,0.102453"
A_Case_of_Two_Cities_2551,"0.092581,0.099204,0.102475,0.100990,0.102776,0.098074,0.110597,0.097672,0.093424,0.102206"
A_Case_of_Two_Cities_256,"0.091953,0.089329,0.096484,0.106159,0.117351,0.107073,0.112045,0.093980,0.089889,0.095738"
A_Case_of_Two_Cities_2562,"0.097310,0.097698,0.102068,0.098320,0.101755,0.101713,0.105589,0.098374,0.096426,0.100746"
A_Case_of_Two_Cities_2567,"0.088075,0.088576,0.107588,0.099151,0.112342,0.094462,0.123518,0.094636,0.095422,0.096233"
A_Case_of_Two_Cities_2568,"0.092581,0.099204,0.102475,0.100990,0.102776,0.098074,0.110597,0.097672,0.093424,0.102206"
A_Case_of_Two_Cities_2586,"0.088216,0.088999,0.110560,0.106506,0.106229,0.104372,0.117996,0.089062,0.092484,0.095577"
A_Case_of_Two_Cities_2589,"0.089072,0.090940,0.107393,0.103384,0.111106,0.097999,0.115044,0.096486,0.088407,0.100169"
A_Case_of_Two_Cities_259,"0.104311,0.108573,0.095425,0.106776,0.088078,0.110154,0.086273,0.091738,0.104380,0.104291"
A_Case_of_Two_Cities_2592,"0.096094,0.104099,0.100512,0.105038,0.100518,0.098992,0.100672,0.096988,0.101058,0.096028"
A_Case_of_Two_Cities_260,"0.095018,0.099317,0.104998,0.101520,0.101415,0.101063,0.101944,0.096406,0.097246,0.101074"
A_Case_of_Two_Cities_2613,"0.094097,0.096410,0.100972,0.101296,0.102051,0.101432,0.110820,0.096699,0.096191,0.100033"
A_Case_of_Two_Cities_2620,"0.096242,0.095371,0.103134,0.100164,0.103532,0.099637,0.106451,0.096881,0.098155,0.100432"
A_Case_of_Two_Cities_2623,"0.100133,0.098090,0.103591,0.095894,0.102418,0.099169,0.101768,0.102813,0.098297,0.097828"
A_Case_of_Two_Cities_2625,"0.098014,0.106913,0.106432,0.109019,0.098644,0.107939,0.088079,0.089890,0.094230,0.100840"
A_Case_of_Two_Cities_2627,"0.091077,0.107139,0.103022,0.111349,0.100305,0.105465,0.096807,0.091164,0.093484,0.100189"
A_Case_of_Two_Cities_2631,"0.082173,0.099253,0.117514,0.110503,0.107460,0.101370,0.100564,0.086461,0.086823,0.107879"
A_Case_of_Two_Cities_2636,"0.093262,0.096267,0.101970,0.106162,0.099595,0.103383,0.102952,0.098424,0.094077,0.103909"
A_Case_of_Two_Cities_264,"0.099203,0.098679,0.100951,0.102715,0.101206,0.100471,0.105385,0.093925,0.094534,0.102931"
A_Case_of_Two_Cities_2645,"0.095573,0.099820,0.101518,0.101964,0.100527,0.099340,0.105231,0.098776,0.096229,0.101022"
A_Case_of_Two_Cities_2646,"0.096249,0.096948,0.102260,0.100654,0.103699,0.098791,0.108756,0.097140,0.097623,0.097880"
A_Case_of_Two_Cities_265,"0.099838,0.099317,0.101866,0.098631,0.101823,0.099918,0.097937,0.100469,0.098675,0.101523"
A_Case_of_Two_Cities_2653,"0.088007,0.081550,0.097319,0.103569,0.109182,0.099032,0.135434,0.097096,0.086039,0.102772"
A_Case_of_Two_Cities_2657,"0.094314,0.102182,0.103821,0.101744,0.101449,0.099888,0.104724,0.095880,0.092829,0.103169"
A_Case_of_Two_Cities_266,"0.099329,0.098512,0.099440,0.099442,0.101500,0.098154,0.104197,0.100225,0.099401,0.099800"
A_Case_of_Two_Cities_2660,"0.092581,0.099204,0.102475,0.100990,0.102776,0.098074,0.110597,0.097672,0.093424,0.102206"
A_Case_of_Two_Cities_2662,"0.097953,0.098226,0.100019,0.101271,0.100953,0.098067,0.104652,0.099223,0.099548,0.100088"
A_Case_of_Two_Cities_2670,"0.093484,0.095241,0.111388,0.096513,0.107545,0.094654,0.115759,0.090151,0.093161,0.102104"
A_Case_of_Two_Cities_268,"0.095769,0.093260,0.105279,0.099728,0.103819,0.099009,0.111472,0.096460,0.096170,0.099035"
A_Case_of_Two_Cities_2684,"0.096522,0.097687,0.101004,0.103478,0.102009,0.100312,0.106195,0.097054,0.096444,0.099295"
A_Case_of_Two_Cities_269,"0.100515,0.099773,0.099478,0.101400,0.101302,0.100284,0.098202,0.099006,0.099137,0.100903"
A_Case_of_Two_Cities_2695,"0.095372,0.096250,0.101779,0.099321,0.104552,0.098105,0.109970,0.098985,0.097074,0.098590"
A_Case_of_Two_Cities_270,"0.096814,0.096684,0.103224,0.099586,0.104245,0.098751,0.106817,0.096786,0.099208,0.097884"
A_Case_of_Two_Cities_2704,"0.089451,0.089248,0.104346,0.098087,0.108616,0.099670,0.121586,0.095481,0.093934,0.099580"
A_Case_of_Two_Cities_271,"0.098889,0.099235,0.099977,0.099361,0.101352,0.098271,0.103224,0.100353,0.099202,0.100136"
A_Case_of_Two_Cities_272,"0.100925,0.101734,0.100664,0.103210,0.100591,0.100760,0.092423,0.099890,0.099567,0.100236"
A_Case_of_Two_Cities_2742,"0.096083,0.097154,0.105513,0.103070,0.101158,0.102753,0.098607,0.097053,0.099036,0.099571"
A_Case_of_Two_Cities_2748,"0.097691,0.092485,0.094658,0.098639,0.102158,0.101088,0.128284,0.096958,0.095704,0.092335"
A_Case_of_Two_Cities_276,"0.097897,0.099256,0.103850,0.101507,0.101214,0.104728,0.098745,0.095572,0.098507,0.098723"
A_Case_of_Two_Cities_2778,"0.096095,0.093837,0.100019,0.098809,0.104332,0.097924,0.114518,0.099296,0.095309,0.099863"
A_Case_of_Two_Cities_278,"0.094392,0.097265,0.103392,0.101585,0.104604,0.098301,0.107788,0.097600,0.093232,0.101841"
A_Case_of_Two_Cities_2786,"0.089514,0.092390,0.102768,0.100197,0.107515,0.095641,0.119087,0.101507,0.092902,0.098478"
A_Case_of_Two_Cities_2793,"0.090799,0.095199,0.103169,0.102118,0.105254,0.095915,0.113807,0.098035,0.095411,0.100293"
A_Case_of_Two_Cities_2803,"0.108708,0.099920,0.096612,0.103867,0.096219,0.100404,0.095709,0.096544,0.099398,0.102619"
A_Case_of_Two_Cities_2824,"0.097991,0.097036,0.101281,0.104018,0.098937,0.105345,0.098472,0.100082,0.093464,0.103373"
A_Case_of_Two_Cities_283,"0.096006,0.097244,0.102012,0.099833,0.103914,0.096760,0.109277,0.097982,0.098014,0.098957"
A_Case_of_Two_Cities_284,"0.096687,0.097606,0.102412,0.099978,0.102568,0.098771,0.103783,0.098307,0.100059,0.099828"
A_Case_of_Two_Cities_2841,"0.099401,0.100264,0.100598,0.101173,0.101392,0.101245,0.101183,0.096696,0.098234,0.099813"
A_Case_of_Two_Cities_285,"0.098702,0.097054,0.099415,0.098608,0.102686,0.099097,0.106207,0.100119,0.097599,0.100512"
A_Case_of_Two_Cities_2866,"0.108083,0.103568,0.095827,0.105134,0.095015,0.111061,0.083433,0.097893,0.098992,0.100995"
A_Case_of_Two_Cities_287,"0.077632,0.083435,0.097886,0.100836,0.116825,0.089454,0.144576,0.100455,0.084504,0.104396"
A_Case_of_Two_Cities_2876,"0.093310,0.092774,0.100644,0.100242,0.107434,0.097509,0.120376,0.097248,0.094347,0.096116"
A_Case_of_Two_Cities_2883,"0.098055,0.098332,0.103494,0.102230,0.100219,0.099797,0.105426,0.097341,0.094676,0.100430"
A_Case_of_Two_Cities_2884,"0.100461,0.096334,0.102109,0.103094,0.097967,0.102125,0.101769,0.099373,0.095675,0.101093"
A_Case_of_Two_Cities_2897,"0.087309,0.088494,0.101646,0.092275,0.107164,0.092472,0.139840,0.096216,0.095414,0.099169"
A_Case_of_Two_Cities_2899,"0.094947,0.093894,0.101986,0.100064,0.106215,0.101806,0.110360,0.098848,0.091311,0.100569"
A_Case_of_Two_Cities_2904,"0.085138,0.083548,0.103776,0.095761,0.113346,0.097389,0.139869,0.095385,0.089433,0.096356"
A_Case_of_Two_Cities_2906,"0.098929,0.097654,0.098909,0.100906,0.100682,0.102061,0.104188,0.097578,0.098757,0.100335"
A_Case_of_Two_Cities_2909,"0.100158,0.105509,0.102234,0.102858,0.097474,0.100395,0.097936,0.094913,0.099308,0.099216"
A_Case_of_Two_Cities_2915,"0.096129,0.095505,0.099957,0.098880,0.103402,0.099137,0.112075,0.098301,0.096931,0.099683"
A_Case_of_Two_Cities_2923,"0.095385,0.099626,0.105049,0.101782,0.098487,0.102478,0.106544,0.093614,0.097166,0.099867"
A_Case_of_Two_Cities_2926,"0.089212,0.092161,0.106708,0.099633,0.108857,0.094877,0.121019,0.094490,0.094710,0.098333"
A_Case_of_Two_Cities_2929,"0.094907,0.093848,0.104356,0.102811,0.103148,0.097543,0.109898,0.096483,0.096253,0.100752"
A_Case_of_Two_Cities_293,"0.097525,0.101187,0.100930,0.100514,0.099579,0.101331,0.099554,0.096427,0.100046,0.102908"
A_Case_of_Two_Cities_2931,"0.093611,0.094235,0.101796,0.095972,0.102994,0.095798,0.120429,0.095260,0.097315,0.102590"
A_Case_of_Two_Cities_294,"0.099020,0.098308,0.101638,0.100573,0.100187,0.098953,0.102455,0.097463,0.099145,0.102259"
A_Case_of_Two_Cities_2943,"0.090195,0.091810,0.106198,0.098217,0.109124,0.095978,0.118637,0.095247,0.096765,0.097828"
A_Case_of_Two_Cities_295,"0.095684,0.108137,0.108039,0.098783,0.093186,0.100678,0.088232,0.095086,0.091105,0.121069"
A_Case_of_Two_Cities_2956,"0.092704,0.093726,0.105778,0.100532,0.106246,0.098494,0.109345,0.097713,0.094506,0.100957"
A_Case_of_Two_Cities_296,"0.100553,0.098645,0.100320,0.099022,0.101043,0.100018,0.100009,0.099828,0.099976,0.100586"
A_Case_of_Two_Cities_2961,"0.098921,0.093658,0.101693,0.107886,0.103890,0.104331,0.095513,0.097944,0.097861,0.098304"
A_Case_of_Two_Cities_297,"0.104235,0.103244,0.102836,0.108836,0.094403,0.107952,0.086331,0.087751,0.101405,0.103005"
A_Case_of_Two_Cities_2973,"0.096434,0.097265,0.100851,0.099886,0.103450,0.098290,0.105200,0.101053,0.097300,0.100271"
A_Case_of_Two_Cities_298,"0.096930,0.094606,0.101339,0.100474,0.104465,0.099752,0.108458,0.098028,0.096219,0.099728"
A_Case_of_Two_Cities_2982,"0.091250,0.094192,0.100730,0.098977,0.106645,0.096498,0.123414,0.096536,0.093819,0.097938"
A_Case_of_Two_Cities_300,"0.096255,0.098984,0.102957,0.098647,0.101856,0.099099,0.103524,0.098936,0.098508,0.101234"
A_Case_of_Two_Cities_3000,"0.096909,0.096281,0.101117,0.100353,0.103024,0.102228,0.104721,0.099882,0.095921,0.099565"
A_Case_of_Two_Cities_301,"0.093604,0.094171,0.103239,0.100534,0.107260,0.096383,0.114650,0.094995,0.097642,0.097522"
A_Case_of_Two_Cities_3017,"0.097961,0.097024,0.103484,0.101586,0.102306,0.102085,0.101990,0.096484,0.095098,0.101983"
A_Case_of_Two_Cities_302,"0.084953,0.089190,0.106672,0.098295,0.112502,0.090685,0.134373,0.094374,0.094504,0.094454"
A_Case_of_Two_Cities_3022,"0.091080,0.095050,0.104678,0.101039,0.106786,0.095400,0.114553,0.094507,0.098627,0.098280"
A_Case_of_Two_Cities_3023,"0.086186,0.095456,0.110565,0.102538,0.101475,0.089818,0.128933,0.097564,0.093512,0.093954"
A_Case_of_Two_Cities_3024,"0.097190,0.098486,0.100501,0.100904,0.099000,0.101080,0.102218,0.098336,0.097813,0.104471"
A_Case_of_Two_Cities_3028,"0.096291,0.103344,0.102573,0.107657,0.100005,0.103502,0.092929,0.092290,0.098252,0.103157"
A_Case_of_Two_Cities_3029,"0.096505,0.101091,0.104318,0.107462,0.099543,0.101102,0.092869,0.094080,0.096728,0.106301"
A_Case_of_Two_Cities_303,"0.098285,0.105603,0.103416,0.104028,0.099702,0.103640,0.089151,0.095598,0.099091,0.101486"
A_Case_of_Two_Cities_3030,"0.084344,0.089076,0.104356,0.094849,0.110295,0.092657,0.140411,0.096861,0.087968,0.099182"
A_Case_of_Two_Cities_3044,"0.101057,0.099737,0.102833,0.105206,0.098975,0.103364,0.092324,0.096752,0.097856,0.101897"
A_Case_of_Two_Cities_3067,"0.095144,0.098021,0.102470,0.099537,0.102574,0.099297,0.109834,0.098459,0.096008,0.098656"
A_Case_of_Two_Cities_307,"0.099137,0.102206,0.101363,0.100582,0.096783,0.101078,0.098609,0.098644,0.096322,0.105274"
A_Case_of_Two_Cities_3070,"0.090381,0.093599,0.099027,0.098523,0.103481,0.095198,0.127618,0.098599,0.091613,0.101961"
A_Case_of_Two_Cities_309,"0.097401,0.097177,0.099957,0.100610,0.103317,0.099895,0.103346,0.102679,0.093677,0.101940"
A_Case_of_Two_Cities_3105,"0.092137,0.094886,0.102745,0.100533,0.107564,0.096284,0.113654,0.096186,0.094766,0.101244"
A_Case_of_Two_Cities_311,"0.087575,0.092158,0.107878,0.100235,0.110639,0.095520,0.121140,0.091776,0.096551,0.096527"
A_Case_of_Two_Cities_3111,"0.093310,0.092774,0.100644,0.100242,0.107434,0.097509,0.120376,0.097248,0.094347,0.096116"
A_Case_of_Two_Cities_312,"0.098819,0.099053,0.102301,0.098530,0.102228,0.099980,0.102538,0.098365,0.098916,0.099272"
A_Case_of_Two_Cities_3120,"0.093310,0.092774,0.100644,0.100242,0.107434,0.097509,0.120376,0.097248,0.094347,0.096116"
A_Case_of_Two_Cities_3125,"0.095626,0.095820,0.104175,0.101388,0.100962,0.101137,0.107568,0.095482,0.096190,0.101652"
A_Case_of_Two_Cities_313,"0.101334,0.100247,0.102485,0.101872,0.096929,0.105379,0.095800,0.096979,0.098241,0.100733"
A_Case_of_Two_Cities_3144,"0.090077,0.092314,0.101252,0.105804,0.110276,0.111021,0.102768,0.094764,0.090772,0.100952"
A_Case_of_Two_Cities_3145,"0.096371,0.096561,0.101273,0.100439,0.102347,0.099680,0.108179,0.098419,0.098176,0.098554"
A_Case_of_Two_Cities_3146,"0.093834,0.093032,0.105106,0.100207,0.106180,0.099007,0.112342,0.095433,0.096101,0.098758"
A_Case_of_Two_Cities_3147,"0.097544,0.098298,0.103582,0.106268,0.095331,0.109748,0.087604,0.096915,0.104961,0.099748"
A_Case_of_Two_Cities_315,"0.096619,0.099157,0.102487,0.101756,0.101590,0.101328,0.100164,0.097401,0.096044,0.103454"
A_Case_of_Two_Cities_3159,"0.102622,0.104441,0.102820,0.106544,0.098002,0.105381,0.083533,0.095250,0.097442,0.103963"
A_Case_of_Two_Cities_3175,"0.102792,0.109004,0.093592,0.109646,0.094400,0.106231,0.086016,0.098286,0.096784,0.103247"
A_Case_of_Two_Cities_318,"0.093731,0.097142,0.101984,0.099722,0.103971,0.096667,0.113244,0.098852,0.094240,0.100447"
A_Case_of_Two_Cities_319,"0.102146,0.103109,0.104084,0.104470,0.096702,0.104847,0.084744,0.095317,0.100900,0.103680"
A_Case_of_Two_Cities_3192,"0.102282,0.102471,0.101136,0.110552,0.099310,0.104945,0.091989,0.094918,0.093941,0.098457"
A_Case_of_Two_Cities_320,"0.095938,0.096227,0.102217,0.098601,0.104421,0.097499,0.108881,0.098486,0.098315,0.099415"
A_Case_of_Two_Cities_3200,"0.097220,0.103985,0.108190,0.106723,0.096211,0.108420,0.090237,0.094349,0.096462,0.098204"
A_Case_of_Two_Cities_3205,"0.095453,0.097041,0.104154,0.101312,0.100684,0.102891,0.103821,0.098236,0.096016,0.100391"
A_Case_of_Two_Cities_3206,"0.084986,0.085174,0.112812,0.103268,0.103808,0.097510,0.124589,0.100062,0.085784,0.102007"
A_Case_of_Two_Cities_3210,"0.093810,0.094546,0.102945,0.098335,0.096909,0.099190,0.112137,0.098741,0.097068,0.106319"
A_Case_of_Two_Cities_3231,"0.101625,0.101498,0.105171,0.104284,0.101104,0.103664,0.093656,0.094137,0.097105,0.097756"
A_Case_of_Two_Cities_3259,"0.097793,0.102104,0.105103,0.103167,0.098504,0.102692,0.096942,0.093503,0.097261,0.102931"
A_Case_of_Two_Cities_3266,"0.092581,0.099204,0.102475,0.100990,0.102776,0.098074,0.110597,0.097672,0.093424,0.102206"
A_Case_of_Two_Cities_327,"0.095870,0.098140,0.102605,0.098350,0.101773,0.098186,0.108215,0.099734,0.099504,0.097624"
A_Case_of_Two_Cities_3276,"0.092548,0.095680,0.103568,0.100714,0.102789,0.099241,0.113461,0.096784,0.093479,0.101736"
A_Case_of_Two_Cities_3280,"0.104111,0.107225,0.100329,0.108142,0.093910,0.105412,0.085702,0.097350,0.096462,0.101356"
A_Case_of_Two_Cities_3291,"0.095001,0.094865,0.099191,0.099785,0.104864,0.095400,0.113492,0.101413,0.096372,0.099616"
A_Case_of_Two_Cities_3299,"0.097241,0.098798,0.100081,0.103922,0.098822,0.104433,0.102841,0.097737,0.091229,0.104896"
A_Case_of_Two_Cities_3319,"0.099075,0.098325,0.103858,0.098910,0.103036,0.098169,0.101999,0.095480,0.100481,0.100666"
A_Case_of_Two_Cities_332,"0.098676,0.098461,0.102641,0.098448,0.100078,0.099104,0.104606,0.098493,0.098829,0.100664"
A_Case_of_Two_Cities_333,"0.094031,0.096028,0.107784,0.100120,0.106243,0.098737,0.108567,0.088381,0.097636,0.102471"
A_Case_of_Two_Cities_3336,"0.099081,0.102308,0.103160,0.104097,0.095678,0.104492,0.090583,0.099085,0.098103,0.103412"
A_Case_of_Two_Cities_3345,"0.094828,0.098017,0.103032,0.099771,0.102656,0.096798,0.112765,0.097769,0.094346,0.100019"
A_Case_of_Two_Cities_3350,"0.096506,0.100736,0.104411,0.103706,0.100483,0.103234,0.097222,0.099861,0.094237,0.099604"
A_Case_of_Two_Cities_3354,"0.069746,0.070214,0.103843,0.085570,0.124861,0.084285,0.204872,0.088190,0.083602,0.084818"
A_Case_of_Two_Cities_3356,"0.087575,0.092158,0.107878,0.100235,0.110639,0.095520,0.121140,0.091776,0.096551,0.096527"
A_Case_of_Two_Cities_3357,"0.071124,0.075592,0.113155,0.088960,0.105361,0.090320,0.176760,0.092597,0.080463,0.105668"
A_Case_of_Two_Cities_336,"0.097961,0.097024,0.103484,0.101586,0.102306,0.102085,0.101990,0.096484,0.095098,0.101983"
A_Case_of_Two_Cities_3360,"0.081986,0.083573,0.103390,0.093365,0.115751,0.090227,0.156427,0.092983,0.089269,0.093029"
A_Case_of_Two_Cities_3364,"0.084981,0.090083,0.107549,0.106972,0.110677,0.104283,0.121233,0.090633,0.086041,0.097548"
A_Case_of_Two_Cities_3366,"0.099636,0.098834,0.103172,0.101448,0.099617,0.105814,0.099024,0.096023,0.096549,0.099883"
A_Case_of_Two_Cities_337,"0.092581,0.099204,0.102475,0.100990,0.102776,0.098074,0.110597,0.097672,0.093424,0.102206"
A_Case_of_Two_Cities_3404,"0.096835,0.097721,0.098742,0.099758,0.102837,0.098146,0.107332,0.099591,0.097765,0.101275"
A_Case_of_Two_Cities_3407,"0.101045,0.102148,0.098870,0.100499,0.097587,0.101131,0.100024,0.097349,0.099220,0.102127"
