Character id,Persona Prob Vec
A_Case_of_Two_Cities_0,"0.093555,0.091506,0.091330,0.089877,0.088616,0.091374,0.089386,0.094053,0.091462,0.088245,0.090596"
A_Case_of_Two_Cities_1,"0.089762,0.087785,0.090789,0.091493,0.087590,0.092085,0.089904,0.099677,0.090020,0.089541,0.091356"
A_Case_of_Two_Cities_1001,"0.089813,0.089658,0.088737,0.088247,0.097386,0.092569,0.092914,0.086869,0.090340,0.091767,0.091702"
A_Case_of_Two_Cities_1003,"0.093530,0.091326,0.091315,0.089842,0.090525,0.091629,0.090192,0.089392,0.092041,0.090730,0.089480"
A_Case_of_Two_Cities_1018,"0.080957,0.087165,0.091182,0.094856,0.104857,0.088170,0.094133,0.078498,0.097066,0.089514,0.093603"
A_Case_of_Two_Cities_1021,"0.085514,0.084001,0.089149,0.097119,0.092654,0.092129,0.094236,0.089507,0.096744,0.089934,0.089012"
A_Case_of_Two_Cities_1030,"0.093025,0.084153,0.090848,0.094442,0.087732,0.086697,0.088814,0.102555,0.087746,0.091157,0.092832"
A_Case_of_Two_Cities_1061,"0.091132,0.091217,0.092212,0.090264,0.084748,0.089352,0.089697,0.100666,0.098183,0.084887,0.087640"
A_Case_of_Two_Cities_1062,"0.092989,0.089004,0.090708,0.090417,0.089663,0.088871,0.091921,0.095065,0.090141,0.089000,0.092221"
A_Case_of_Two_Cities_1077,"0.092587,0.090665,0.090578,0.090931,0.093163,0.088265,0.086823,0.098393,0.089735,0.088226,0.090635"
A_Case_of_Two_Cities_1079,"0.089267,0.086809,0.088526,0.091590,0.081216,0.090805,0.102285,0.091481,0.090572,0.093796,0.093653"
A_Case_of_Two_Cities_1081,"0.093471,0.091337,0.091710,0.091886,0.089668,0.088680,0.089028,0.095088,0.090471,0.087444,0.091217"
A_Case_of_Two_Cities_1083,"0.092750,0.089659,0.091984,0.091791,0.090678,0.090525,0.090285,0.092460,0.091028,0.088212,0.090628"
A_Case_of_Two_Cities_1084,"0.088225,0.086191,0.092344,0.091056,0.088680,0.091069,0.087389,0.100863,0.095571,0.087606,0.091006"
A_Case_of_Two_Cities_1108,"0.093604,0.091423,0.092175,0.089306,0.089205,0.090468,0.090441,0.092799,0.090636,0.088785,0.091158"
A_Case_of_Two_Cities_1111,"0.088267,0.089419,0.097390,0.082213,0.081876,0.090501,0.083803,0.109600,0.095507,0.090344,0.091079"
A_Case_of_Two_Cities_1125,"0.084511,0.100501,0.086079,0.090239,0.095969,0.097074,0.096121,0.067813,0.095702,0.084197,0.101794"
A_Case_of_Two_Cities_1132,"0.086146,0.087990,0.091977,0.091500,0.095129,0.091004,0.099764,0.084319,0.084719,0.093921,0.093530"
A_Case_of_Two_Cities_1141,"0.090260,0.083690,0.088328,0.096517,0.097724,0.083013,0.096278,0.093148,0.096439,0.089486,0.085117"
A_Case_of_Two_Cities_1148,"0.090207,0.093338,0.089480,0.090778,0.089392,0.090296,0.090570,0.093568,0.091128,0.090613,0.090631"
A_Case_of_Two_Cities_1155,"0.085669,0.086181,0.095850,0.087419,0.087141,0.085665,0.090342,0.112749,0.096271,0.087773,0.084939"
A_Case_of_Two_Cities_1166,"0.090491,0.085368,0.090083,0.091853,0.090257,0.089499,0.091910,0.098556,0.093013,0.091716,0.087255"
A_Case_of_Two_Cities_1178,"0.089908,0.081642,0.097216,0.093755,0.076285,0.091827,0.095870,0.088282,0.095052,0.090053,0.100110"
A_Case_of_Two_Cities_1182,"0.091168,0.086583,0.091980,0.089326,0.085298,0.088368,0.088230,0.105003,0.090201,0.090312,0.093532"
A_Case_of_Two_Cities_1184,"0.089286,0.090365,0.091668,0.091888,0.089811,0.091168,0.090528,0.094243,0.090834,0.090814,0.089396"
A_Case_of_Two_Cities_1196,"0.086869,0.087223,0.092568,0.091704,0.087697,0.091948,0.092054,0.097408,0.090346,0.090508,0.091675"
A_Case_of_Two_Cities_1198,"0.092105,0.089077,0.090359,0.090692,0.089650,0.091510,0.089548,0.095618,0.091702,0.087373,0.092366"
A_Case_of_Two_Cities_1215,"0.088225,0.086191,0.092344,0.091056,0.088680,0.091069,0.087389,0.100863,0.095571,0.087606,0.091006"
A_Case_of_Two_Cities_1220,"0.089032,0.085057,0.090685,0.093077,0.091981,0.093815,0.090773,0.094022,0.090979,0.090118,0.090461"
A_Case_of_Two_Cities_1222,"0.089233,0.088921,0.093827,0.094173,0.091336,0.089107,0.092565,0.091968,0.090054,0.088940,0.089875"
A_Case_of_Two_Cities_123,"0.089927,0.088184,0.096466,0.088331,0.083690,0.093221,0.089010,0.098255,0.094219,0.085929,0.092767"
A_Case_of_Two_Cities_1235,"0.086806,0.095342,0.090375,0.088041,0.095033,0.091919,0.091125,0.088550,0.093939,0.082076,0.096794"
A_Case_of_Two_Cities_1237,"0.081066,0.057367,0.117553,0.048471,0.046519,0.071884,0.058179,0.244517,0.127362,0.084039,0.063043"
A_Case_of_Two_Cities_1252,"0.074561,0.083345,0.095993,0.098066,0.085604,0.089300,0.105335,0.077135,0.090088,0.100000,0.100572"
A_Case_of_Two_Cities_1257,"0.090172,0.087671,0.091834,0.092187,0.088900,0.091071,0.089521,0.095005,0.092871,0.088939,0.091830"
A_Case_of_Two_Cities_1267,"0.091653,0.090251,0.090385,0.091260,0.088335,0.089120,0.089442,0.097297,0.091809,0.090011,0.090437"
A_Case_of_Two_Cities_1274,"0.089061,0.085130,0.085524,0.096824,0.095708,0.083374,0.099939,0.092479,0.094962,0.088218,0.088781"
A_Case_of_Two_Cities_1275,"0.093358,0.089733,0.093437,0.079446,0.075694,0.093109,0.080436,0.121428,0.096004,0.085126,0.092228"
A_Case_of_Two_Cities_1306,"0.087033,0.084274,0.092171,0.102629,0.087442,0.076136,0.092503,0.099165,0.089218,0.093099,0.096330"
A_Case_of_Two_Cities_1315,"0.090077,0.090163,0.090203,0.092157,0.088889,0.092968,0.094648,0.091735,0.091718,0.087417,0.090026"
A_Case_of_Two_Cities_1336,"0.092129,0.087163,0.097219,0.091599,0.085604,0.090351,0.086489,0.099940,0.095830,0.086324,0.087352"
A_Case_of_Two_Cities_1373,"0.090376,0.089497,0.092070,0.089240,0.086468,0.090673,0.088206,0.100985,0.097227,0.086038,0.089219"
A_Case_of_Two_Cities_1381,"0.083966,0.089404,0.089355,0.093943,0.094928,0.089725,0.095923,0.086132,0.088033,0.096535,0.092055"
A_Case_of_Two_Cities_1390,"0.088933,0.080624,0.096904,0.083870,0.081286,0.079694,0.086824,0.123370,0.094513,0.093430,0.090552"
A_Case_of_Two_Cities_142,"0.083567,0.089962,0.092336,0.096637,0.093642,0.085834,0.096622,0.085384,0.091452,0.093581,0.090982"
A_Case_of_Two_Cities_1422,"0.084651,0.089219,0.091126,0.090422,0.091963,0.090710,0.093311,0.091091,0.092637,0.094370,0.090501"
A_Case_of_Two_Cities_1434,"0.091132,0.091217,0.092212,0.090264,0.084748,0.089352,0.089697,0.100666,0.098183,0.084887,0.087640"
A_Case_of_Two_Cities_1436,"0.090695,0.087906,0.091743,0.091653,0.086752,0.088580,0.091178,0.097138,0.095118,0.087132,0.092104"
A_Case_of_Two_Cities_1455,"0.084748,0.087969,0.089697,0.099125,0.095839,0.086834,0.095249,0.085969,0.088037,0.096771,0.089762"
A_Case_of_Two_Cities_1456,"0.094241,0.091152,0.092134,0.090564,0.081626,0.092211,0.085934,0.101933,0.094084,0.084952,0.091168"
A_Case_of_Two_Cities_1460,"0.090244,0.087036,0.091691,0.092419,0.091704,0.088717,0.090586,0.095459,0.091449,0.091436,0.089259"
A_Case_of_Two_Cities_1462,"0.090435,0.089772,0.091396,0.092111,0.090103,0.091230,0.090044,0.093117,0.093954,0.089857,0.087981"
A_Case_of_Two_Cities_1465,"0.093182,0.089084,0.090204,0.089111,0.084242,0.091328,0.088908,0.102085,0.093980,0.086528,0.091348"
A_Case_of_Two_Cities_1466,"0.089739,0.091319,0.091441,0.091330,0.088351,0.093764,0.091246,0.089871,0.092300,0.089012,0.091628"
A_Case_of_Two_Cities_1469,"0.093398,0.091461,0.088668,0.091396,0.090039,0.090301,0.089339,0.096065,0.090024,0.088937,0.090372"
A_Case_of_Two_Cities_1496,"0.090739,0.083822,0.096494,0.087921,0.079071,0.086862,0.089161,0.109770,0.100923,0.087791,0.087446"
A_Case_of_Two_Cities_1528,"0.087453,0.080530,0.094767,0.092636,0.090947,0.084862,0.090388,0.105652,0.097278,0.092529,0.082959"
A_Case_of_Two_Cities_1542,"0.095171,0.091337,0.092361,0.086292,0.077106,0.090659,0.084534,0.112085,0.092581,0.084297,0.093577"
A_Case_of_Two_Cities_1552,"0.081486,0.086643,0.090553,0.094428,0.090126,0.090334,0.092714,0.091951,0.097798,0.093372,0.090595"
A_Case_of_Two_Cities_1578,"0.088486,0.086345,0.096156,0.092617,0.092538,0.083872,0.091050,0.094851,0.090579,0.092202,0.091305"
A_Case_of_Two_Cities_1580,"0.091130,0.095388,0.089640,0.089087,0.087365,0.092267,0.088574,0.094258,0.091500,0.086739,0.094053"
A_Case_of_Two_Cities_1585,"0.088295,0.089020,0.091887,0.089138,0.086483,0.089651,0.089601,0.100768,0.094524,0.089432,0.091201"
A_Case_of_Two_Cities_1587,"0.090561,0.086726,0.094727,0.092896,0.084141,0.088676,0.087485,0.102305,0.091926,0.089709,0.090848"
A_Case_of_Two_Cities_1593,"0.088405,0.087648,0.092897,0.090216,0.086489,0.087442,0.088466,0.100507,0.088339,0.092141,0.097449"
A_Case_of_Two_Cities_1612,"0.084559,0.085852,0.090884,0.095618,0.095553,0.088590,0.095646,0.087474,0.095578,0.094291,0.085955"
A_Case_of_Two_Cities_1639,"0.095607,0.092290,0.094374,0.094204,0.083075,0.086865,0.086520,0.102720,0.088382,0.082002,0.093961"
A_Case_of_Two_Cities_1644,"0.089530,0.087825,0.090893,0.092416,0.088001,0.090344,0.091632,0.095293,0.095221,0.090492,0.088353"
A_Case_of_Two_Cities_1653,"0.090569,0.087898,0.091213,0.092690,0.089496,0.089413,0.091768,0.094521,0.091327,0.092130,0.088974"
A_Case_of_Two_Cities_1654,"0.097207,0.091604,0.092945,0.086895,0.083107,0.093051,0.088015,0.101666,0.090773,0.082318,0.092420"
A_Case_of_Two_Cities_1656,"0.083653,0.089043,0.092580,0.091516,0.093934,0.092061,0.094909,0.089697,0.093060,0.092814,0.086733"
A_Case_of_Two_Cities_1672,"0.092400,0.088968,0.091890,0.090002,0.081904,0.090861,0.085986,0.105404,0.098628,0.083129,0.090829"
A_Case_of_Two_Cities_1674,"0.087473,0.088498,0.090158,0.092400,0.088309,0.090397,0.088493,0.098382,0.093346,0.092015,0.090529"
A_Case_of_Two_Cities_1679,"0.085970,0.090276,0.093021,0.089640,0.090992,0.092038,0.088693,0.091495,0.091800,0.094833,0.091242"
A_Case_of_Two_Cities_1684,"0.088225,0.086191,0.092344,0.091056,0.088680,0.091069,0.087389,0.100863,0.095571,0.087606,0.091006"
A_Case_of_Two_Cities_1698,"0.093296,0.090032,0.090488,0.091002,0.090018,0.090484,0.090594,0.093221,0.090612,0.089103,0.091148"
A_Case_of_Two_Cities_1704,"0.090419,0.088341,0.094909,0.092113,0.088236,0.092424,0.091534,0.091760,0.093142,0.088054,0.089068"
A_Case_of_Two_Cities_1737,"0.092368,0.090409,0.093022,0.091203,0.083673,0.092980,0.086505,0.099549,0.094675,0.085996,0.089620"
A_Case_of_Two_Cities_1738,"0.088334,0.089824,0.090873,0.091676,0.089536,0.090830,0.088551,0.096749,0.095337,0.087977,0.090314"
A_Case_of_Two_Cities_1749,"0.091653,0.090251,0.090385,0.091260,0.088335,0.089120,0.089442,0.097297,0.091809,0.090011,0.090437"
A_Case_of_Two_Cities_1777,"0.088538,0.081483,0.089745,0.098071,0.095294,0.085920,0.096421,0.091624,0.090661,0.094712,0.087531"
A_Case_of_Two_Cities_179,"0.092351,0.090572,0.091089,0.091150,0.090106,0.090654,0.090104,0.093365,0.090481,0.090182,0.089946"
A_Case_of_Two_Cities_1794,"0.084835,0.080713,0.090347,0.096570,0.097698,0.088378,0.097889,0.091703,0.090917,0.094409,0.086541"
A_Case_of_Two_Cities_1804,"0.087453,0.080530,0.094767,0.092636,0.090947,0.084862,0.090388,0.105652,0.097278,0.092529,0.082959"
A_Case_of_Two_Cities_181,"0.093226,0.093081,0.090854,0.090573,0.089000,0.090102,0.089492,0.092466,0.090143,0.089671,0.091392"
A_Case_of_Two_Cities_1811,"0.089210,0.088456,0.092627,0.092025,0.088274,0.090084,0.091703,0.096443,0.093523,0.091396,0.086258"
A_Case_of_Two_Cities_1812,"0.088742,0.089723,0.093231,0.092118,0.089494,0.090406,0.091096,0.090210,0.092359,0.090427,0.092193"
A_Case_of_Two_Cities_182,"0.098407,0.082800,0.093668,0.085006,0.075801,0.083032,0.084662,0.124992,0.099209,0.085104,0.087319"
A_Case_of_Two_Cities_1820,"0.088154,0.091489,0.091176,0.090418,0.091386,0.090498,0.092228,0.091084,0.090937,0.090430,0.092201"
A_Case_of_Two_Cities_183,"0.086946,0.089381,0.090438,0.093007,0.091839,0.089014,0.093748,0.089436,0.093567,0.092313,0.090309"
A_Case_of_Two_Cities_184,"0.089323,0.088231,0.094580,0.096785,0.088468,0.087266,0.093297,0.093482,0.088797,0.090258,0.089513"
A_Case_of_Two_Cities_186,"0.090350,0.092872,0.090786,0.091697,0.092992,0.089357,0.093363,0.087450,0.089926,0.090443,0.090764"
A_Case_of_Two_Cities_1882,"0.088036,0.093981,0.088925,0.091691,0.091283,0.090084,0.093043,0.093485,0.089515,0.088805,0.091151"
A_Case_of_Two_Cities_1884,"0.088001,0.087597,0.092726,0.081853,0.086552,0.089135,0.087653,0.112801,0.098018,0.088187,0.087478"
A_Case_of_Two_Cities_189,"0.082906,0.087779,0.092561,0.094126,0.090000,0.084747,0.089764,0.097488,0.093188,0.095140,0.092301"
A_Case_of_Two_Cities_1893,"0.082790,0.090468,0.093484,0.090931,0.086936,0.091867,0.093109,0.092228,0.096500,0.089687,0.091999"
A_Case_of_Two_Cities_1894,"0.088123,0.088726,0.092096,0.092706,0.083746,0.088552,0.092619,0.099538,0.094538,0.086199,0.093158"
A_Case_of_Two_Cities_1906,"0.088630,0.091242,0.091616,0.091533,0.092289,0.092020,0.093591,0.087791,0.091001,0.089945,0.090342"
A_Case_of_Two_Cities_191,"0.091021,0.092887,0.090185,0.089869,0.091906,0.090333,0.091393,0.089578,0.090071,0.091145,0.091613"
A_Case_of_Two_Cities_192,"0.085274,0.088965,0.091278,0.092231,0.093111,0.091534,0.094906,0.089500,0.092563,0.094082,0.086556"
A_Case_of_Two_Cities_194,"0.083638,0.088840,0.091743,0.093798,0.096444,0.090181,0.097284,0.083233,0.091155,0.091532,0.092153"
A_Case_of_Two_Cities_1944,"0.084643,0.084799,0.089411,0.100017,0.091035,0.083296,0.094452,0.099731,0.090059,0.090711,0.091847"
A_Case_of_Two_Cities_195,"0.086899,0.088291,0.092279,0.093601,0.089006,0.088935,0.092589,0.092064,0.094365,0.089767,0.092204"
A_Case_of_Two_Cities_1952,"0.085165,0.085997,0.089494,0.094208,0.102205,0.090699,0.103639,0.079556,0.087493,0.085695,0.095847"
A_Case_of_Two_Cities_1972,"0.077723,0.088171,0.092416,0.093605,0.096909,0.087394,0.095863,0.084656,0.097818,0.097870,0.087576"
A_Case_of_Two_Cities_198,"0.091275,0.090580,0.090991,0.091000,0.090864,0.090616,0.090418,0.092328,0.091188,0.090751,0.089988"
A_Case_of_Two_Cities_199,"0.089850,0.092090,0.088226,0.092653,0.091531,0.091006,0.089616,0.089507,0.092365,0.090137,0.093018"
A_Case_of_Two_Cities_1998,"0.082032,0.085700,0.090708,0.093628,0.088589,0.094453,0.094293,0.097335,0.094081,0.091506,0.087675"
A_Case_of_Two_Cities_200,"0.089900,0.089525,0.091122,0.091725,0.089986,0.090042,0.090493,0.093803,0.092713,0.091573,0.089119"
A_Case_of_Two_Cities_2001,"0.081889,0.088209,0.091205,0.089976,0.085361,0.091661,0.093358,0.096340,0.095346,0.092891,0.093765"
A_Case_of_Two_Cities_2009,"0.085024,0.086541,0.091202,0.091801,0.090108,0.089093,0.092776,0.091437,0.094444,0.098636,0.088939"
A_Case_of_Two_Cities_201,"0.086545,0.087951,0.092407,0.091500,0.089763,0.090191,0.091270,0.094749,0.093676,0.091547,0.090401"
A_Case_of_Two_Cities_203,"0.089874,0.087276,0.091856,0.091456,0.091426,0.089296,0.091777,0.094016,0.092689,0.092942,0.087391"
A_Case_of_Two_Cities_207,"0.086456,0.089553,0.091599,0.091545,0.093432,0.090552,0.093449,0.087104,0.092983,0.093821,0.089505"
A_Case_of_Two_Cities_2078,"0.088225,0.086191,0.092344,0.091056,0.088680,0.091069,0.087389,0.100863,0.095571,0.087606,0.091006"
A_Case_of_Two_Cities_2099,"0.088964,0.087580,0.091644,0.095672,0.090661,0.091916,0.092843,0.084716,0.090611,0.094084,0.091309"
A_Case_of_Two_Cities_210,"0.088184,0.088618,0.092099,0.094506,0.084978,0.089247,0.091759,0.095023,0.096543,0.092441,0.086601"
A_Case_of_Two_Cities_2103,"0.091011,0.088367,0.093248,0.094629,0.083681,0.088767,0.089343,0.095293,0.095336,0.088890,0.091433"
A_Case_of_Two_Cities_211,"0.089157,0.089498,0.091598,0.092226,0.091922,0.089452,0.092196,0.090775,0.091844,0.092178,0.089153"
A_Case_of_Two_Cities_212,"0.089584,0.084893,0.093084,0.090442,0.089094,0.090088,0.090915,0.098373,0.094316,0.092100,0.087111"
A_Case_of_Two_Cities_2146,"0.083313,0.085065,0.092844,0.088667,0.096108,0.090821,0.097558,0.091852,0.096358,0.092107,0.085308"
A_Case_of_Two_Cities_2148,"0.090264,0.091406,0.092684,0.074400,0.053959,0.084311,0.068120,0.175909,0.100756,0.074138,0.094053"
A_Case_of_Two_Cities_2151,"0.092267,0.091150,0.090362,0.089015,0.084394,0.090738,0.087083,0.101812,0.093630,0.084801,0.094748"
A_Case_of_Two_Cities_2152,"0.088436,0.088065,0.092281,0.089476,0.087361,0.088691,0.087735,0.100141,0.093720,0.089182,0.094912"
A_Case_of_Two_Cities_2153,"0.080470,0.086337,0.087991,0.098922,0.108622,0.085078,0.101860,0.077395,0.093500,0.096291,0.083531"
A_Case_of_Two_Cities_2158,"0.090752,0.091088,0.091047,0.092419,0.090216,0.091236,0.091271,0.089006,0.090493,0.090920,0.091552"
A_Case_of_Two_Cities_216,"0.091711,0.090595,0.090960,0.090936,0.089925,0.090619,0.090135,0.093371,0.091584,0.090431,0.089733"
A_Case_of_Two_Cities_2161,"0.092368,0.090120,0.093418,0.089555,0.085021,0.092842,0.087237,0.096607,0.094869,0.087650,0.090314"
A_Case_of_Two_Cities_2166,"0.089288,0.088766,0.091547,0.091829,0.089132,0.091782,0.087808,0.096878,0.094899,0.087317,0.090753"
A_Case_of_Two_Cities_2167,"0.083549,0.086697,0.087604,0.098642,0.092337,0.084786,0.096576,0.088893,0.091902,0.096413,0.092600"
A_Case_of_Two_Cities_217,"0.088563,0.085494,0.093034,0.094856,0.092220,0.087642,0.095933,0.093473,0.093464,0.090590,0.084731"
A_Case_of_Two_Cities_2174,"0.086806,0.090115,0.092570,0.094512,0.091124,0.090051,0.092007,0.088077,0.089528,0.090562,0.094647"
A_Case_of_Two_Cities_2179,"0.092186,0.090344,0.094299,0.089197,0.082857,0.093616,0.086691,0.100593,0.091993,0.089193,0.089031"
A_Case_of_Two_Cities_2183,"0.069220,0.096058,0.087445,0.092642,0.090035,0.090618,0.099695,0.079923,0.104439,0.101910,0.088015"
A_Case_of_Two_Cities_2189,"0.092323,0.091438,0.094351,0.091528,0.081200,0.093453,0.086976,0.101290,0.094286,0.085528,0.087627"
A_Case_of_Two_Cities_219,"0.089598,0.090218,0.089976,0.090324,0.088625,0.091882,0.090402,0.095543,0.092865,0.091236,0.089331"
A_Case_of_Two_Cities_2190,"0.090764,0.087355,0.092473,0.090854,0.084639,0.090332,0.086952,0.104585,0.094363,0.086027,0.091656"
A_Case_of_Two_Cities_2191,"0.090926,0.087714,0.088593,0.093861,0.091800,0.087969,0.093792,0.091650,0.092843,0.092077,0.088775"
A_Case_of_Two_Cities_2196,"0.091599,0.091780,0.089368,0.092243,0.088516,0.089274,0.088995,0.094727,0.091318,0.089156,0.093025"
A_Case_of_Two_Cities_220,"0.089330,0.088922,0.090291,0.092169,0.087432,0.094233,0.091276,0.094862,0.089648,0.089707,0.092130"
A_Case_of_Two_Cities_221,"0.091988,0.089752,0.093604,0.090627,0.083365,0.094927,0.088293,0.098826,0.094584,0.084921,0.089113"
A_Case_of_Two_Cities_2219,"0.084086,0.085557,0.092182,0.104224,0.088264,0.087532,0.099773,0.080573,0.093776,0.100033,0.084001"
A_Case_of_Two_Cities_222,"0.099727,0.088076,0.091462,0.091584,0.075891,0.083387,0.093148,0.106093,0.086206,0.086456,0.097970"
A_Case_of_Two_Cities_224,"0.087453,0.080530,0.094767,0.092636,0.090947,0.084862,0.090388,0.105652,0.097278,0.092529,0.082959"
A_Case_of_Two_Cities_2247,"0.114354,0.089424,0.095476,0.074862,0.064671,0.087272,0.079089,0.137161,0.089286,0.073755,0.094650"
A_Case_of_Two_Cities_226,"0.092064,0.086931,0.090308,0.093170,0.088844,0.091435,0.091707,0.089543,0.095431,0.090155,0.090413"
A_Case_of_Two_Cities_2264,"0.092323,0.091438,0.094351,0.091528,0.081200,0.093453,0.086976,0.101290,0.094286,0.085528,0.087627"
A_Case_of_Two_Cities_227,"0.092662,0.091075,0.090293,0.091304,0.085193,0.089908,0.088440,0.097408,0.093658,0.089698,0.090359"
A_Case_of_Two_Cities_228,"0.090457,0.089406,0.090974,0.091429,0.092145,0.090013,0.091452,0.091138,0.091680,0.092060,0.089246"
A_Case_of_Two_Cities_229,"0.089428,0.092083,0.089953,0.092404,0.087882,0.089055,0.089913,0.094607,0.090939,0.092304,0.091431"
A_Case_of_Two_Cities_2300,"0.088319,0.090399,0.095205,0.094768,0.092951,0.087627,0.091201,0.089890,0.090122,0.090957,0.088561"
A_Case_of_Two_Cities_2306,"0.091261,0.087930,0.094185,0.093708,0.086137,0.090868,0.088592,0.091219,0.092867,0.094218,0.089016"
A_Case_of_Two_Cities_231,"0.088456,0.090476,0.089440,0.090113,0.093039,0.091760,0.092620,0.090759,0.090753,0.091868,0.090716"
A_Case_of_Two_Cities_2310,"0.092811,0.087573,0.093546,0.090585,0.082094,0.088433,0.088247,0.106572,0.094265,0.085512,0.090362"
A_Case_of_Two_Cities_2313,"0.081881,0.080936,0.097619,0.103342,0.082482,0.086126,0.105532,0.091224,0.100631,0.087988,0.082240"
A_Case_of_Two_Cities_2315,"0.083260,0.086759,0.096864,0.096964,0.093769,0.089483,0.093016,0.088037,0.088860,0.092051,0.090936"
A_Case_of_Two_Cities_2318,"0.087795,0.090080,0.092266,0.089938,0.093412,0.086520,0.090195,0.095728,0.095740,0.088225,0.090099"
A_Case_of_Two_Cities_232,"0.093149,0.090952,0.090448,0.091333,0.088009,0.091164,0.090419,0.093674,0.090098,0.089896,0.090858"
A_Case_of_Two_Cities_233,"0.084835,0.093852,0.089093,0.085674,0.089621,0.094312,0.088805,0.097184,0.095310,0.092169,0.089146"
A_Case_of_Two_Cities_234,"0.091252,0.089955,0.091740,0.091204,0.090632,0.090277,0.090011,0.092310,0.092160,0.091370,0.089088"
A_Case_of_Two_Cities_2348,"0.090997,0.089906,0.090569,0.096418,0.095098,0.086406,0.094881,0.083362,0.093425,0.086716,0.092222"
A_Case_of_Two_Cities_2350,"0.087957,0.083099,0.091992,0.089268,0.085813,0.086759,0.092804,0.100448,0.092054,0.098106,0.091700"
A_Case_of_Two_Cities_2352,"0.092811,0.087573,0.093546,0.090585,0.082094,0.088433,0.088247,0.106572,0.094265,0.085512,0.090362"
A_Case_of_Two_Cities_2353,"0.079516,0.091499,0.087316,0.095804,0.092841,0.091910,0.103255,0.080321,0.090613,0.093212,0.093711"
A_Case_of_Two_Cities_236,"0.086615,0.086565,0.092359,0.094457,0.093449,0.086464,0.093135,0.091804,0.092887,0.091780,0.090484"
A_Case_of_Two_Cities_2360,"0.087388,0.089943,0.093987,0.088360,0.087324,0.089064,0.089230,0.095804,0.095901,0.086659,0.096340"
A_Case_of_Two_Cities_2369,"0.087795,0.090080,0.092266,0.089938,0.093412,0.086520,0.090195,0.095728,0.095740,0.088225,0.090099"
A_Case_of_Two_Cities_237,"0.089705,0.086848,0.092543,0.091314,0.091626,0.089850,0.092290,0.092445,0.092163,0.093004,0.088211"
A_Case_of_Two_Cities_2377,"0.084139,0.093120,0.090365,0.094008,0.092835,0.090197,0.097509,0.080305,0.092595,0.094193,0.090734"
A_Case_of_Two_Cities_2379,"0.089236,0.087614,0.090437,0.092805,0.078916,0.088872,0.091238,0.103982,0.095730,0.088117,0.093052"
A_Case_of_Two_Cities_2393,"0.088225,0.086191,0.092344,0.091056,0.088680,0.091069,0.087389,0.100863,0.095571,0.087606,0.091006"
A_Case_of_Two_Cities_240,"0.091512,0.087220,0.092823,0.093177,0.086045,0.087011,0.089968,0.098022,0.094649,0.093502,0.086071"
A_Case_of_Two_Cities_2407,"0.106449,0.082400,0.087066,0.075440,0.070470,0.095792,0.091517,0.133598,0.100679,0.074403,0.082188"
A_Case_of_Two_Cities_241,"0.091317,0.083473,0.098009,0.086033,0.072568,0.087935,0.081399,0.122762,0.102814,0.082050,0.091642"
A_Case_of_Two_Cities_2414,"0.080496,0.089282,0.092789,0.093435,0.092749,0.087222,0.094057,0.093751,0.097061,0.091518,0.087641"
A_Case_of_Two_Cities_242,"0.093025,0.084153,0.090848,0.094442,0.087732,0.086697,0.088814,0.102555,0.087746,0.091157,0.092832"
A_Case_of_Two_Cities_243,"0.089997,0.091176,0.093693,0.089463,0.089954,0.091600,0.090236,0.090802,0.092092,0.089996,0.090992"
A_Case_of_Two_Cities_2436,"0.091773,0.090360,0.092882,0.088275,0.085997,0.092846,0.089198,0.096226,0.090827,0.088329,0.093287"
A_Case_of_Two_Cities_244,"0.089855,0.090262,0.091668,0.087143,0.096399,0.092883,0.092042,0.085695,0.092780,0.093150,0.088123"
A_Case_of_Two_Cities_2444,"0.094344,0.090245,0.090344,0.089566,0.085475,0.088441,0.088425,0.098387,0.093549,0.085976,0.095248"
A_Case_of_Two_Cities_2448,"0.089132,0.088757,0.090969,0.092710,0.094041,0.090526,0.089415,0.093212,0.093788,0.087926,0.089524"
A_Case_of_Two_Cities_2449,"0.090986,0.088914,0.090424,0.090403,0.091013,0.090862,0.086885,0.096862,0.092962,0.087117,0.093572"
A_Case_of_Two_Cities_245,"0.082967,0.087464,0.089603,0.102317,0.093168,0.080103,0.096710,0.087505,0.087709,0.100590,0.091864"
A_Case_of_Two_Cities_246,"0.098439,0.082802,0.090784,0.091645,0.082380,0.089410,0.090873,0.100685,0.092314,0.088125,0.092543"
A_Case_of_Two_Cities_2461,"0.089711,0.090724,0.094024,0.093163,0.094754,0.090112,0.090327,0.090847,0.090436,0.088233,0.087669"
A_Case_of_Two_Cities_247,"0.089135,0.085538,0.092877,0.093724,0.093130,0.089128,0.098336,0.097735,0.086779,0.087953,0.085664"
A_Case_of_Two_Cities_2474,"0.089940,0.088316,0.093465,0.089466,0.088724,0.088231,0.087707,0.097967,0.095326,0.089087,0.091770"
A_Case_of_Two_Cities_2477,"0.085635,0.087042,0.089564,0.095121,0.098391,0.089971,0.098491,0.085659,0.089568,0.091699,0.088859"
A_Case_of_Two_Cities_2478,"0.092323,0.091438,0.094351,0.091528,0.081200,0.093453,0.086976,0.101290,0.094286,0.085528,0.087627"
A_Case_of_Two_Cities_2482,"0.095037,0.087117,0.091869,0.088856,0.082392,0.087419,0.085836,0.106921,0.097440,0.084201,0.092912"
A_Case_of_Two_Cities_2490,"0.093651,0.092784,0.092463,0.089494,0.087794,0.090808,0.089480,0.094934,0.090491,0.085718,0.092383"
A_Case_of_Two_Cities_2496,"0.086475,0.084439,0.093239,0.092627,0.091327,0.089060,0.097829,0.091983,0.091774,0.093335,0.087912"
A_Case_of_Two_Cities_2503,"0.089961,0.090345,0.090435,0.090437,0.085473,0.091409,0.089490,0.098005,0.091974,0.089072,0.093400"
A_Case_of_Two_Cities_251,"0.090018,0.086290,0.091205,0.091162,0.090121,0.087958,0.090740,0.100210,0.094226,0.091389,0.086682"
A_Case_of_Two_Cities_2524,"0.085039,0.090656,0.092834,0.091686,0.093174,0.089004,0.092321,0.090692,0.092204,0.093457,0.088932"
A_Case_of_Two_Cities_2526,"0.086243,0.086139,0.091199,0.092005,0.090391,0.089053,0.090156,0.098580,0.096157,0.092286,0.087790"
A_Case_of_Two_Cities_2527,"0.088266,0.088790,0.091305,0.093266,0.090069,0.092162,0.091025,0.089624,0.091196,0.091320,0.092977"
A_Case_of_Two_Cities_253,"0.091858,0.090018,0.092859,0.090006,0.089674,0.090610,0.089397,0.095394,0.091551,0.090005,0.088629"
A_Case_of_Two_Cities_2531,"0.085583,0.090200,0.089874,0.092395,0.091847,0.088997,0.090927,0.089827,0.097140,0.090244,0.092965"
A_Case_of_Two_Cities_2536,"0.080496,0.089282,0.092789,0.093435,0.092749,0.087222,0.094057,0.093751,0.097061,0.091518,0.087641"
A_Case_of_Two_Cities_254,"0.089518,0.088487,0.091723,0.090651,0.086983,0.090012,0.090892,0.098087,0.092846,0.092254,0.088546"
A_Case_of_Two_Cities_255,"0.083794,0.091220,0.095137,0.091101,0.091301,0.091585,0.089315,0.095328,0.096979,0.086833,0.087407"
A_Case_of_Two_Cities_2550,"0.093029,0.090117,0.091586,0.091619,0.089009,0.089067,0.088641,0.092677,0.092832,0.087410,0.094012"
A_Case_of_Two_Cities_2551,"0.088225,0.086191,0.092344,0.091056,0.088680,0.091069,0.087389,0.100863,0.095571,0.087606,0.091006"
A_Case_of_Two_Cities_256,"0.087487,0.083130,0.091739,0.096748,0.078404,0.092605,0.093683,0.098761,0.086387,0.098589,0.092468"
A_Case_of_Two_Cities_2562,"0.089006,0.086485,0.092558,0.093664,0.089305,0.089487,0.088631,0.094911,0.093156,0.093139,0.089658"
A_Case_of_Two_Cities_2567,"0.090445,0.082962,0.093829,0.093007,0.088897,0.085106,0.089754,0.103529,0.094029,0.092614,0.085829"
A_Case_of_Two_Cities_2568,"0.088225,0.086191,0.092344,0.091056,0.088680,0.091069,0.087389,0.100863,0.095571,0.087606,0.091006"
A_Case_of_Two_Cities_2586,"0.091090,0.080845,0.090818,0.094121,0.084424,0.085995,0.094281,0.104756,0.092773,0.093098,0.087798"
A_Case_of_Two_Cities_2589,"0.084643,0.084799,0.089411,0.100017,0.091035,0.083296,0.094452,0.099731,0.090059,0.090711,0.091847"
A_Case_of_Two_Cities_259,"0.083469,0.090845,0.087456,0.094928,0.092662,0.087334,0.096429,0.083648,0.089875,0.099391,0.093962"
A_Case_of_Two_Cities_2592,"0.091009,0.089942,0.089922,0.092274,0.087416,0.092931,0.086997,0.093320,0.094427,0.087850,0.093913"
A_Case_of_Two_Cities_260,"0.086545,0.087951,0.092407,0.091500,0.089763,0.090191,0.091270,0.094749,0.093676,0.091547,0.090401"
A_Case_of_Two_Cities_2613,"0.093203,0.091551,0.089175,0.089342,0.090130,0.091366,0.090201,0.093849,0.092296,0.087360,0.091528"
A_Case_of_Two_Cities_2620,"0.087625,0.089001,0.089799,0.090460,0.091321,0.089267,0.092562,0.095604,0.092473,0.093635,0.088254"
A_Case_of_Two_Cities_2623,"0.089139,0.087123,0.095100,0.091191,0.087361,0.090017,0.092773,0.092201,0.094888,0.092197,0.088010"
A_Case_of_Two_Cities_2625,"0.081365,0.079231,0.096461,0.100562,0.094103,0.089279,0.099633,0.083367,0.093091,0.099820,0.083088"
A_Case_of_Two_Cities_2627,"0.085017,0.074310,0.099181,0.102176,0.087165,0.084788,0.097272,0.092830,0.097808,0.095139,0.084315"
A_Case_of_Two_Cities_2631,"0.075683,0.079296,0.099584,0.090091,0.096713,0.084262,0.103453,0.097162,0.094581,0.097905,0.081270"
A_Case_of_Two_Cities_2636,"0.084630,0.084261,0.094835,0.096661,0.094191,0.087813,0.095673,0.090151,0.090924,0.092295,0.088566"
A_Case_of_Two_Cities_264,"0.088208,0.091923,0.094751,0.090002,0.088977,0.087704,0.090863,0.094206,0.091279,0.089160,0.092928"
A_Case_of_Two_Cities_2645,"0.088486,0.086278,0.091533,0.092806,0.089495,0.091586,0.091026,0.095065,0.093563,0.089318,0.090843"
A_Case_of_Two_Cities_2646,"0.090358,0.084099,0.090710,0.093374,0.092128,0.088151,0.091214,0.098208,0.089719,0.092299,0.089740"
A_Case_of_Two_Cities_265,"0.089392,0.089370,0.092969,0.092735,0.093495,0.088191,0.091698,0.088727,0.091782,0.093110,0.088531"
A_Case_of_Two_Cities_2653,"0.082784,0.084032,0.083998,0.096076,0.080564,0.081551,0.093064,0.112451,0.095183,0.091684,0.098611"
A_Case_of_Two_Cities_2657,"0.088887,0.090379,0.089906,0.092678,0.093567,0.088307,0.091452,0.094300,0.092706,0.089062,0.088755"
A_Case_of_Two_Cities_266,"0.091644,0.092752,0.090480,0.090969,0.089026,0.090968,0.089776,0.092247,0.092088,0.089177,0.090872"
A_Case_of_Two_Cities_2660,"0.088225,0.086191,0.092344,0.091056,0.088680,0.091069,0.087389,0.100863,0.095571,0.087606,0.091006"
A_Case_of_Two_Cities_2662,"0.093196,0.092922,0.089595,0.090831,0.088691,0.090103,0.090279,0.091622,0.091324,0.089735,0.091703"
A_Case_of_Two_Cities_2670,"0.087429,0.087863,0.087713,0.088243,0.086129,0.094454,0.091898,0.104646,0.101076,0.083253,0.087295"
A_Case_of_Two_Cities_268,"0.084590,0.088092,0.092828,0.093823,0.089961,0.094190,0.087644,0.098453,0.094874,0.087413,0.088131"
A_Case_of_Two_Cities_2684,"0.087770,0.083525,0.090445,0.095960,0.089698,0.091225,0.094521,0.092306,0.092987,0.092034,0.089529"
A_Case_of_Two_Cities_269,"0.089091,0.089404,0.090392,0.092765,0.092487,0.089341,0.091400,0.091284,0.089962,0.092492,0.091382"
A_Case_of_Two_Cities_2695,"0.091459,0.088734,0.089666,0.089606,0.090094,0.090088,0.090093,0.098346,0.091177,0.090179,0.090559"
A_Case_of_Two_Cities_270,"0.089221,0.086973,0.092706,0.092055,0.090909,0.089373,0.091208,0.095671,0.092737,0.091472,0.087675"
A_Case_of_Two_Cities_2704,"0.085749,0.090802,0.090869,0.087806,0.088598,0.093097,0.089571,0.101812,0.089019,0.092351,0.090327"
A_Case_of_Two_Cities_271,"0.091996,0.091738,0.090197,0.090320,0.090709,0.090577,0.090951,0.091513,0.090381,0.090676,0.090942"
A_Case_of_Two_Cities_272,"0.083479,0.090429,0.089122,0.095787,0.092747,0.090663,0.093859,0.085192,0.093270,0.095693,0.089760"
A_Case_of_Two_Cities_2742,"0.090237,0.091766,0.091875,0.092825,0.090475,0.091035,0.088895,0.092579,0.091120,0.091040,0.088152"
A_Case_of_Two_Cities_2748,"0.124059,0.092489,0.098497,0.087918,0.076499,0.078310,0.081872,0.110173,0.084113,0.075162,0.090908"
A_Case_of_Two_Cities_276,"0.083252,0.084917,0.095380,0.092374,0.096333,0.085971,0.094328,0.094036,0.095395,0.092959,0.085055"
A_Case_of_Two_Cities_2778,"0.094482,0.090398,0.091689,0.089292,0.087453,0.091016,0.088385,0.094992,0.091955,0.088483,0.091856"
A_Case_of_Two_Cities_278,"0.087012,0.088089,0.089771,0.097484,0.091529,0.086991,0.091607,0.096037,0.088554,0.089699,0.093227"
A_Case_of_Two_Cities_2786,"0.092267,0.091150,0.090362,0.089015,0.084394,0.090738,0.087083,0.101812,0.093630,0.084801,0.094748"
A_Case_of_Two_Cities_2793,"0.089518,0.088515,0.094369,0.090917,0.088334,0.093982,0.088129,0.093505,0.095915,0.085798,0.091018"
A_Case_of_Two_Cities_2803,"0.081732,0.093241,0.092636,0.091628,0.091909,0.090795,0.089286,0.094797,0.093393,0.092282,0.088300"
A_Case_of_Two_Cities_2824,"0.087626,0.091419,0.088018,0.090409,0.088285,0.091256,0.092036,0.095628,0.094624,0.091064,0.089635"
A_Case_of_Two_Cities_283,"0.090185,0.087869,0.092468,0.091421,0.090510,0.089290,0.091229,0.095289,0.093945,0.090469,0.087325"
A_Case_of_Two_Cities_284,"0.088573,0.087752,0.092706,0.091530,0.091037,0.089428,0.091558,0.093565,0.093097,0.092482,0.088271"
A_Case_of_Two_Cities_2841,"0.092244,0.090973,0.091156,0.089066,0.094801,0.090012,0.093955,0.089393,0.090569,0.088920,0.088911"
A_Case_of_Two_Cities_285,"0.090117,0.089369,0.090744,0.091684,0.088889,0.090377,0.090793,0.095336,0.091875,0.091088,0.089727"
A_Case_of_Two_Cities_2866,"0.086551,0.091111,0.094993,0.088128,0.098093,0.091570,0.092005,0.084945,0.093699,0.093117,0.085787"
A_Case_of_Two_Cities_287,"0.103991,0.093532,0.093257,0.086005,0.072880,0.090889,0.086681,0.110531,0.087412,0.082294,0.092529"
A_Case_of_Two_Cities_2876,"0.092323,0.091438,0.094351,0.091528,0.081200,0.093453,0.086976,0.101290,0.094286,0.085528,0.087627"
A_Case_of_Two_Cities_2883,"0.090420,0.087221,0.089929,0.092623,0.095265,0.092023,0.088979,0.093778,0.090975,0.089246,0.089542"
A_Case_of_Two_Cities_2884,"0.089032,0.085057,0.090685,0.093077,0.091981,0.093815,0.090773,0.094022,0.090979,0.090118,0.090461"
A_Case_of_Two_Cities_2897,"0.094330,0.088995,0.095281,0.085224,0.079201,0.094255,0.077724,0.117745,0.102329,0.081285,0.083631"
A_Case_of_Two_Cities_2899,"0.084112,0.091637,0.089871,0.094057,0.088732,0.082387,0.091699,0.095495,0.092601,0.090749,0.098660"
A_Case_of_Two_Cities_2904,"0.091886,0.090570,0.091808,0.080486,0.078942,0.093982,0.082656,0.115754,0.094099,0.087747,0.092070"
A_Case_of_Two_Cities_2906,"0.093849,0.090458,0.090516,0.091596,0.088844,0.091132,0.090247,0.094905,0.090501,0.087171,0.090783"
A_Case_of_Two_Cities_2909,"0.090960,0.091228,0.091338,0.091088,0.091950,0.090465,0.090569,0.088900,0.088752,0.092146,0.092604"
A_Case_of_Two_Cities_2915,"0.092258,0.090061,0.091253,0.091246,0.089535,0.092742,0.089645,0.093566,0.092357,0.086276,0.091061"
A_Case_of_Two_Cities_2923,"0.085186,0.089780,0.090717,0.092062,0.092592,0.090359,0.091295,0.089566,0.097077,0.088525,0.092841"
A_Case_of_Two_Cities_2926,"0.083632,0.079666,0.096666,0.093753,0.088838,0.083849,0.088675,0.105412,0.098042,0.095895,0.085571"
A_Case_of_Two_Cities_2929,"0.091048,0.087645,0.093820,0.094391,0.086956,0.087965,0.089656,0.092348,0.092181,0.090848,0.093142"
A_Case_of_Two_Cities_293,"0.090464,0.090550,0.092225,0.090966,0.089802,0.094322,0.092755,0.087107,0.090860,0.088896,0.092054"
A_Case_of_Two_Cities_2931,"0.091206,0.091411,0.096108,0.086321,0.083105,0.094672,0.082580,0.104869,0.099480,0.084690,0.085557"
A_Case_of_Two_Cities_294,"0.086072,0.089600,0.092118,0.090709,0.090674,0.090042,0.093058,0.092744,0.095555,0.091023,0.088404"
A_Case_of_Two_Cities_2943,"0.088911,0.085587,0.091856,0.094374,0.088363,0.088391,0.090234,0.099850,0.093603,0.090921,0.087911"
A_Case_of_Two_Cities_295,"0.074635,0.080166,0.090253,0.110567,0.099843,0.084345,0.104707,0.067631,0.099850,0.098198,0.089804"
A_Case_of_Two_Cities_2956,"0.091307,0.088242,0.091147,0.095894,0.086027,0.088107,0.089253,0.098634,0.090009,0.091021,0.090358"
A_Case_of_Two_Cities_296,"0.090660,0.091934,0.090559,0.090026,0.091263,0.091257,0.091270,0.089551,0.091234,0.090841,0.091405"
A_Case_of_Two_Cities_2961,"0.081290,0.088416,0.089873,0.088940,0.093205,0.089951,0.091000,0.090800,0.094933,0.093176,0.098417"
A_Case_of_Two_Cities_297,"0.080324,0.093834,0.092620,0.099075,0.100090,0.086012,0.104044,0.066608,0.096252,0.092776,0.088365"
A_Case_of_Two_Cities_2973,"0.086835,0.088173,0.090894,0.094214,0.087648,0.088467,0.090115,0.100061,0.091473,0.092508,0.089612"
A_Case_of_Two_Cities_298,"0.091289,0.089590,0.091722,0.092185,0.087385,0.090005,0.090315,0.093739,0.092196,0.091653,0.089921"
A_Case_of_Two_Cities_2982,"0.095416,0.089966,0.089636,0.088329,0.085807,0.091854,0.087809,0.101118,0.093657,0.084162,0.092247"
A_Case_of_Two_Cities_300,"0.086890,0.086609,0.092263,0.093306,0.092645,0.087563,0.091165,0.093627,0.092895,0.094969,0.088068"
A_Case_of_Two_Cities_3000,"0.087880,0.087719,0.092597,0.090513,0.091215,0.089485,0.090788,0.093611,0.094960,0.093160,0.088071"
A_Case_of_Two_Cities_301,"0.090440,0.082393,0.094342,0.093247,0.089254,0.087275,0.091543,0.099258,0.092748,0.092559,0.086944"
A_Case_of_Two_Cities_3017,"0.091728,0.085103,0.090340,0.091532,0.091654,0.090865,0.090993,0.094977,0.090754,0.089518,0.092535"
A_Case_of_Two_Cities_302,"0.096044,0.084467,0.092586,0.089794,0.084366,0.086527,0.086009,0.110444,0.094403,0.087915,0.087444"
A_Case_of_Two_Cities_3022,"0.090537,0.084331,0.094530,0.091322,0.091643,0.087318,0.091283,0.097515,0.094022,0.089739,0.087758"
A_Case_of_Two_Cities_3023,"0.090260,0.083690,0.088328,0.096517,0.097724,0.083013,0.096278,0.093148,0.096439,0.089486,0.085117"
A_Case_of_Two_Cities_3024,"0.088056,0.087591,0.096454,0.093458,0.092720,0.087995,0.091367,0.089963,0.090783,0.090617,0.090996"
A_Case_of_Two_Cities_3028,"0.081317,0.086137,0.091394,0.095341,0.095968,0.091454,0.095554,0.087312,0.096846,0.091357,0.087320"
A_Case_of_Two_Cities_3029,"0.080086,0.082012,0.093768,0.099189,0.094053,0.091047,0.093646,0.089098,0.101404,0.091561,0.084136"
A_Case_of_Two_Cities_303,"0.085849,0.088719,0.091596,0.092225,0.095607,0.089069,0.094831,0.087458,0.091774,0.090367,0.092504"
A_Case_of_Two_Cities_3030,"0.099647,0.088462,0.095287,0.085489,0.074656,0.087465,0.085653,0.107547,0.094229,0.082581,0.098984"
A_Case_of_Two_Cities_3044,"0.084701,0.087310,0.090427,0.096460,0.094824,0.085770,0.095386,0.087619,0.091294,0.095692,0.090515"
A_Case_of_Two_Cities_3067,"0.090860,0.088721,0.092083,0.088481,0.086632,0.093217,0.087595,0.099042,0.094331,0.087126,0.091912"
A_Case_of_Two_Cities_307,"0.086923,0.093242,0.092128,0.092193,0.091917,0.090873,0.091527,0.087232,0.090265,0.091520,0.092179"
A_Case_of_Two_Cities_3070,"0.095983,0.092093,0.092893,0.086614,0.084892,0.089929,0.086612,0.103474,0.092659,0.083435,0.091417"
A_Case_of_Two_Cities_309,"0.088434,0.089862,0.089565,0.092393,0.088943,0.089009,0.092941,0.097565,0.091588,0.090801,0.088899"
A_Case_of_Two_Cities_3105,"0.090916,0.086249,0.093462,0.092866,0.084972,0.089662,0.087623,0.096168,0.096527,0.089809,0.091746"
A_Case_of_Two_Cities_311,"0.087453,0.080530,0.094767,0.092636,0.090947,0.084862,0.090388,0.105652,0.097278,0.092529,0.082959"
A_Case_of_Two_Cities_3111,"0.092323,0.091438,0.094351,0.091528,0.081200,0.093453,0.086976,0.101290,0.094286,0.085528,0.087627"
A_Case_of_Two_Cities_312,"0.089467,0.090061,0.092072,0.092031,0.094889,0.088373,0.092302,0.089663,0.092005,0.091174,0.087962"
A_Case_of_Two_Cities_3120,"0.092323,0.091438,0.094351,0.091528,0.081200,0.093453,0.086976,0.101290,0.094286,0.085528,0.087627"
A_Case_of_Two_Cities_3125,"0.089340,0.089181,0.090391,0.092084,0.088799,0.090864,0.090391,0.095398,0.091100,0.091081,0.091372"
A_Case_of_Two_Cities_313,"0.084852,0.091142,0.090336,0.091540,0.091976,0.090741,0.093340,0.092044,0.092673,0.094301,0.087055"
A_Case_of_Two_Cities_3144,"0.089480,0.087368,0.087756,0.098389,0.086217,0.090099,0.093010,0.095222,0.086749,0.095039,0.090670"
A_Case_of_Two_Cities_3145,"0.092560,0.091328,0.091879,0.090761,0.086296,0.092912,0.089145,0.093291,0.096117,0.086500,0.089211"
A_Case_of_Two_Cities_3146,"0.090695,0.087906,0.091743,0.091653,0.086752,0.088580,0.091178,0.097138,0.095118,0.087132,0.092104"
A_Case_of_Two_Cities_3147,"0.082746,0.092810,0.091531,0.092758,0.095126,0.091976,0.089364,0.086707,0.093856,0.092104,0.091021"
A_Case_of_Two_Cities_315,"0.089828,0.090219,0.093497,0.092921,0.086951,0.092348,0.090447,0.094001,0.094081,0.089972,0.085734"
A_Case_of_Two_Cities_3159,"0.084271,0.084787,0.091751,0.096179,0.099815,0.091911,0.097754,0.081028,0.092066,0.089962,0.090474"
A_Case_of_Two_Cities_3175,"0.087948,0.083581,0.097610,0.094208,0.094458,0.086788,0.099730,0.081124,0.094016,0.089838,0.090698"
A_Case_of_Two_Cities_318,"0.091156,0.088989,0.092793,0.090877,0.085590,0.092511,0.086519,0.099534,0.095145,0.086749,0.090138"
A_Case_of_Two_Cities_319,"0.073042,0.094885,0.088401,0.097787,0.098806,0.090194,0.098065,0.074324,0.092906,0.093586,0.098002"
A_Case_of_Two_Cities_3192,"0.084047,0.087392,0.089633,0.096780,0.096286,0.087193,0.098537,0.087134,0.087409,0.092828,0.092762"
A_Case_of_Two_Cities_320,"0.090123,0.087807,0.092190,0.090215,0.090980,0.089266,0.090831,0.095714,0.093243,0.091802,0.087830"
A_Case_of_Two_Cities_3200,"0.082437,0.087665,0.091810,0.094549,0.090896,0.093710,0.093831,0.088627,0.093060,0.098018,0.085397"
A_Case_of_Two_Cities_3205,"0.084031,0.087250,0.089790,0.091056,0.089739,0.097468,0.093407,0.092331,0.094092,0.094294,0.086542"
A_Case_of_Two_Cities_3206,"0.082867,0.092467,0.092605,0.079123,0.080229,0.090603,0.091942,0.123945,0.098348,0.078686,0.089185"
A_Case_of_Two_Cities_3210,"0.095220,0.087988,0.096504,0.090302,0.085558,0.092563,0.084234,0.097813,0.098434,0.083704,0.087680"
