Character id,Persona Prob Vec
0,"0.124077,0.128335,0.124134,0.126521,0.129104,0.118373,0.124929,0.124527"
1,"0.126267,0.124371,0.125419,0.124305,0.126009,0.124230,0.124076,0.125324"
2,"0.127624,0.123850,0.123212,0.124620,0.124579,0.125601,0.123919,0.126595"
3,"0.123888,0.124800,0.130090,0.121545,0.124120,0.129801,0.123328,0.122427"
4,"0.125083,0.126274,0.124606,0.124376,0.126975,0.126084,0.123717,0.122885"
5,"0.127238,0.126509,0.123469,0.126179,0.124223,0.123891,0.123254,0.125236"
6,"0.121203,0.128468,0.125415,0.125919,0.125532,0.125356,0.126913,0.121193"
7,"0.123650,0.126799,0.124236,0.125252,0.126039,0.124451,0.125387,0.124185"
8,"0.125398,0.124980,0.125483,0.123985,0.124423,0.124659,0.126426,0.124646"
9,"0.130822,0.119210,0.123168,0.121939,0.125178,0.125012,0.123260,0.131412"
10,"0.120333,0.130949,0.126524,0.126901,0.125272,0.125195,0.126722,0.118104"
11,"0.123380,0.127755,0.125922,0.126065,0.124859,0.123538,0.126792,0.121690"
12,"0.121619,0.127208,0.123573,0.128260,0.125438,0.124971,0.127665,0.121267"
13,"0.125854,0.124908,0.126297,0.124555,0.125581,0.125317,0.124869,0.122619"
14,"0.123364,0.127069,0.124773,0.125284,0.126128,0.124074,0.125774,0.123535"
15,"0.127591,0.121704,0.122981,0.123282,0.125615,0.126119,0.123831,0.128876"
16,"0.122827,0.128172,0.126137,0.126641,0.123942,0.124427,0.125152,0.122703"
17,"0.126125,0.123090,0.126067,0.122930,0.124533,0.128215,0.124561,0.124478"
18,"0.125093,0.125521,0.125105,0.125415,0.125368,0.125889,0.124429,0.123181"
19,"0.122666,0.131848,0.124460,0.126906,0.125473,0.123043,0.125466,0.120138"
20,"0.126012,0.125759,0.126102,0.122763,0.125764,0.126333,0.123739,0.123527"
21,"0.126531,0.124390,0.124664,0.124547,0.125206,0.124903,0.124310,0.125449"
22,"0.117954,0.130574,0.127101,0.128979,0.124800,0.122642,0.129607,0.118344"
23,"0.119454,0.129999,0.126596,0.126692,0.125081,0.125115,0.127601,0.119461"
24,"0.122704,0.127621,0.125766,0.123455,0.128485,0.124115,0.125870,0.121985"
25,"0.120850,0.129189,0.125944,0.127045,0.125398,0.122955,0.128656,0.119962"
26,"0.120066,0.130434,0.125539,0.125143,0.126889,0.125069,0.127323,0.119537"
27,"0.121000,0.129405,0.124502,0.125935,0.127657,0.124222,0.125970,0.121309"
28,"0.122982,0.128170,0.124905,0.123606,0.126699,0.125375,0.125494,0.122770"
29,"0.133628,0.120634,0.121630,0.123664,0.124222,0.126930,0.120609,0.128683"
30,"0.121898,0.132431,0.125031,0.125747,0.124921,0.126569,0.125045,0.118357"
31,"0.124065,0.126100,0.124816,0.124126,0.125313,0.126115,0.126262,0.123203"
32,"0.126455,0.125648,0.122657,0.125270,0.124263,0.126188,0.125529,0.123990"
33,"0.119154,0.136129,0.127363,0.127082,0.124675,0.123004,0.128681,0.113912"
34,"0.147863,0.112693,0.121032,0.116378,0.124447,0.130108,0.113638,0.133841"
35,"0.130506,0.122548,0.123578,0.123815,0.124321,0.123417,0.123631,0.128184"
36,"0.125046,0.125075,0.124393,0.124125,0.125312,0.125430,0.125548,0.125071"
37,"0.127223,0.126087,0.123381,0.124809,0.123087,0.126292,0.123291,0.125830"
38,"0.125086,0.125959,0.124487,0.124737,0.123990,0.125416,0.125743,0.124582"
39,"0.128558,0.123231,0.123206,0.125410,0.125075,0.125248,0.123480,0.125793"
40,"0.125824,0.125978,0.125039,0.125108,0.124881,0.123766,0.125312,0.124093"
41,"0.129282,0.123608,0.122626,0.125443,0.123791,0.124867,0.122596,0.127788"
42,"0.126781,0.124333,0.123911,0.125447,0.126137,0.124206,0.123721,0.125465"
43,"0.129429,0.124017,0.122120,0.123337,0.126550,0.125839,0.122299,0.126409"
44,"0.127721,0.126026,0.123976,0.125285,0.125035,0.124134,0.123396,0.124425"
45,"0.131325,0.119681,0.123830,0.124359,0.124665,0.126818,0.121534,0.127787"
46,"0.129019,0.124033,0.121725,0.123715,0.124958,0.126079,0.122886,0.127586"
47,"0.125389,0.126689,0.123060,0.125081,0.126723,0.123450,0.124948,0.124659"
48,"0.126860,0.123924,0.120825,0.125461,0.125570,0.124266,0.124912,0.128181"
49,"0.122283,0.128358,0.125432,0.124047,0.125662,0.124851,0.127501,0.121866"
50,"0.128664,0.118045,0.131039,0.115778,0.120577,0.134378,0.123799,0.127719"
51,"0.124293,0.125266,0.127258,0.122612,0.126544,0.124767,0.124407,0.124853"
52,"0.128222,0.123763,0.122857,0.124734,0.125006,0.125354,0.123090,0.126975"
53,"0.126238,0.124897,0.123188,0.126082,0.125531,0.125580,0.123172,0.125313"
54,"0.128786,0.122325,0.123862,0.124261,0.124537,0.125519,0.123234,0.127476"
55,"0.124284,0.126339,0.124324,0.128033,0.125482,0.124592,0.125943,0.121003"
56,"0.122648,0.131025,0.125216,0.126513,0.125322,0.123168,0.126178,0.119931"
57,"0.126031,0.123347,0.126143,0.123421,0.126409,0.123841,0.125494,0.125316"
58,"0.127518,0.123509,0.121452,0.125552,0.124993,0.126177,0.124620,0.126179"
59,"0.129002,0.122075,0.123977,0.123816,0.124998,0.126390,0.122829,0.126912"
60,"0.128664,0.118045,0.131039,0.115778,0.120577,0.134378,0.123799,0.127719"
61,"0.128664,0.118045,0.131039,0.115778,0.120577,0.134378,0.123799,0.127719"
62,"0.128664,0.118045,0.131039,0.115778,0.120577,0.134378,0.123799,0.127719"
63,"0.128664,0.118045,0.131039,0.115778,0.120577,0.134378,0.123799,0.127719"
64,"0.128664,0.118045,0.131039,0.115778,0.120577,0.134378,0.123799,0.127719"
65,"0.128664,0.118045,0.131039,0.115778,0.120577,0.134378,0.123799,0.127719"
66,"0.122316,0.129876,0.125240,0.125858,0.125599,0.123227,0.126499,0.121384"
67,"0.131196,0.122675,0.122047,0.124814,0.123986,0.127019,0.120905,0.127359"
68,"0.123871,0.125982,0.125624,0.125115,0.126406,0.125127,0.125650,0.122224"
69,"0.122584,0.126123,0.125048,0.125816,0.126924,0.125881,0.124929,0.122694"
70,"0.130350,0.121147,0.124500,0.122690,0.124168,0.124812,0.122378,0.129955"
71,"0.132661,0.118531,0.125995,0.128606,0.128832,0.112695,0.126756,0.125924"
72,"0.128247,0.124188,0.123323,0.124299,0.125192,0.125921,0.122786,0.126044"
73,"0.126864,0.125304,0.120505,0.125999,0.126891,0.126836,0.122724,0.124877"
74,"0.124734,0.125809,0.125681,0.124560,0.124733,0.125577,0.125110,0.123795"
75,"0.129492,0.122035,0.124700,0.123301,0.125045,0.124840,0.122784,0.127802"
76,"0.128280,0.120916,0.125063,0.123552,0.125979,0.125068,0.124616,0.126526"
77,"0.122920,0.128135,0.121550,0.125092,0.121330,0.127269,0.126299,0.127405"
78,"0.128637,0.124005,0.123577,0.124199,0.125125,0.125879,0.122919,0.125658"
79,"0.119246,0.129817,0.126839,0.126708,0.125941,0.123252,0.129170,0.119027"
80,"0.137394,0.116561,0.120987,0.123779,0.123607,0.126795,0.118111,0.132766"
81,"0.121112,0.128957,0.124709,0.126180,0.126987,0.124412,0.126462,0.121182"
82,"0.120516,0.128687,0.126354,0.124022,0.127230,0.124350,0.126879,0.121962"
83,"0.125543,0.125233,0.124683,0.123368,0.127142,0.125591,0.124570,0.123871"
84,"0.124891,0.126767,0.123596,0.123924,0.127005,0.125743,0.124136,0.123938"
85,"0.125226,0.125633,0.124023,0.124075,0.126915,0.127211,0.123350,0.123568"
86,"0.125759,0.124061,0.125730,0.121535,0.123134,0.128056,0.124005,0.127721"
87,"0.127667,0.123859,0.123083,0.124544,0.125240,0.124682,0.124033,0.126891"
88,"0.127046,0.124426,0.122942,0.124982,0.125133,0.125821,0.123723,0.125927"
89,"0.126826,0.125446,0.123184,0.125194,0.126155,0.124974,0.122729,0.125493"
90,"0.125906,0.125050,0.123770,0.124838,0.125685,0.125927,0.123515,0.125309"
91,"0.128664,0.118045,0.131039,0.115778,0.120577,0.134378,0.123799,0.127719"
92,"0.141694,0.110619,0.120737,0.116597,0.123393,0.125523,0.116064,0.145374"
93,"0.122208,0.128853,0.123913,0.125315,0.125561,0.125520,0.125511,0.123119"
94,"0.131242,0.123734,0.122204,0.123555,0.122971,0.126849,0.125970,0.123475"
95,"0.128430,0.121725,0.126347,0.122564,0.124757,0.125821,0.123540,0.126816"
96,"0.123615,0.127852,0.124854,0.125199,0.125141,0.124530,0.125131,0.123678"
97,"0.121772,0.131538,0.124138,0.125172,0.126186,0.124106,0.125994,0.121093"
98,"0.133275,0.119584,0.122922,0.121207,0.123377,0.127050,0.120835,0.131750"
99,"0.123774,0.126477,0.126022,0.122093,0.126182,0.124605,0.126248,0.124600"
100,"0.123016,0.126419,0.125485,0.125369,0.126546,0.123707,0.127732,0.121726"
101,"0.123444,0.125762,0.126716,0.124721,0.125939,0.124238,0.126278,0.122902"
102,"0.123083,0.127937,0.126788,0.124975,0.125255,0.123960,0.125776,0.122225"
103,"0.122312,0.128456,0.125873,0.124935,0.125884,0.123956,0.126688,0.121895"
104,"0.123431,0.126918,0.127150,0.123409,0.128594,0.125136,0.124377,0.120985"
105,"0.126530,0.124745,0.123694,0.123822,0.124960,0.125718,0.124450,0.126081"
106,"0.132316,0.118811,0.124412,0.121044,0.123411,0.128184,0.120654,0.131169"
107,"0.139558,0.117033,0.120312,0.119737,0.124627,0.130765,0.115914,0.132054"
108,"0.129217,0.121051,0.123917,0.124788,0.125290,0.126073,0.122621,0.127044"
109,"0.124394,0.124854,0.126323,0.123642,0.125894,0.126304,0.124521,0.124069"
110,"0.124706,0.127511,0.123642,0.125467,0.125345,0.124425,0.124826,0.124077"
111,"0.126995,0.124649,0.123055,0.124251,0.126632,0.128957,0.122331,0.123130"
112,"0.126117,0.126864,0.123039,0.123216,0.125883,0.121843,0.126055,0.126983"
113,"0.123732,0.127461,0.125383,0.125842,0.125677,0.124255,0.125860,0.121789"
114,"0.128912,0.123022,0.124089,0.123534,0.125209,0.125408,0.123613,0.126213"
115,"0.120969,0.127764,0.127023,0.126268,0.125943,0.124411,0.127740,0.119882"
116,"0.125169,0.127624,0.123575,0.124535,0.125684,0.125592,0.124421,0.123400"
117,"0.125506,0.125490,0.124518,0.123584,0.126317,0.126748,0.123235,0.124602"
118,"0.126793,0.124056,0.126060,0.123916,0.125212,0.124495,0.124641,0.124827"
119,"0.123154,0.126465,0.126621,0.124581,0.126498,0.124219,0.125924,0.122537"
120,"0.122139,0.127563,0.125545,0.124977,0.125154,0.124859,0.127545,0.122216"
121,"0.123189,0.127259,0.124876,0.125251,0.125632,0.124493,0.125449,0.123850"
122,"0.124377,0.127312,0.124795,0.124908,0.125344,0.124598,0.125431,0.123234"
123,"0.124057,0.127152,0.124630,0.125087,0.125693,0.124478,0.125307,0.123596"
124,"0.125002,0.124841,0.126242,0.122987,0.125486,0.128775,0.123266,0.123401"
125,"0.128156,0.123916,0.123922,0.123364,0.125980,0.125610,0.122797,0.126254"
126,"0.122842,0.130458,0.124569,0.125572,0.124826,0.127177,0.124781,0.119775"
127,"0.125520,0.124431,0.124396,0.123588,0.123919,0.125798,0.125941,0.126407"
128,"0.125501,0.124659,0.124484,0.124178,0.125885,0.125285,0.124715,0.125294"
129,"0.126309,0.124913,0.124860,0.124211,0.125008,0.125083,0.124048,0.125567"
130,"0.124023,0.126563,0.125132,0.124522,0.126050,0.125037,0.125176,0.123497"
131,"0.126883,0.123713,0.124376,0.124287,0.124851,0.124963,0.124439,0.126488"
132,"0.126398,0.126618,0.126217,0.124697,0.125919,0.124107,0.123267,0.122777"
133,"0.124839,0.125287,0.124963,0.124464,0.125641,0.124741,0.125306,0.124759"
134,"0.125488,0.124876,0.124276,0.124882,0.125105,0.124963,0.124605,0.125804"
135,"0.125525,0.124695,0.124522,0.124583,0.125459,0.125059,0.124552,0.125607"
136,"0.125767,0.125160,0.124240,0.124795,0.124477,0.126421,0.124240,0.124900"
137,"0.124817,0.126059,0.124451,0.124372,0.125558,0.125831,0.124802,0.124110"
138,"0.125392,0.126035,0.124421,0.124752,0.125948,0.125132,0.124477,0.123843"
139,"0.126817,0.123092,0.124822,0.122477,0.125337,0.125189,0.124357,0.127909"
140,"0.126335,0.124892,0.124085,0.124149,0.124974,0.125513,0.124555,0.125496"
141,"0.124797,0.126117,0.123993,0.125674,0.125357,0.124495,0.124853,0.124714"
142,"0.128716,0.123103,0.124784,0.123323,0.124343,0.126547,0.123207,0.125978"
143,"0.124041,0.125831,0.125043,0.123791,0.125960,0.125799,0.124487,0.125048"
144,"0.123208,0.126464,0.125120,0.124617,0.126665,0.124635,0.125961,0.123328"
145,"0.123230,0.126750,0.125194,0.124468,0.126502,0.124705,0.125696,0.123455"
146,"0.122392,0.128578,0.125813,0.124162,0.125630,0.126156,0.125153,0.122117"
147,"0.125826,0.125076,0.124533,0.124618,0.125685,0.124742,0.124247,0.125272"
148,"0.124227,0.126798,0.124483,0.125576,0.125786,0.124081,0.125309,0.123740"
149,"0.124682,0.126063,0.125026,0.124661,0.125633,0.125089,0.125242,0.123604"
150,"0.126626,0.124571,0.123450,0.124885,0.125696,0.125317,0.124356,0.125098"
151,"0.123507,0.127407,0.124520,0.124947,0.126352,0.124630,0.126360,0.122277"
152,"0.126634,0.125137,0.124713,0.124310,0.125247,0.124949,0.123680,0.125330"
