Character id,Persona Prob Vec
A_Case_of_Two_Cities_0,"0.130565,0.121651,0.122201,0.124148,0.124246,0.126146,0.122271,0.128771"
A_Case_of_Two_Cities_1,"0.128602,0.120334,0.122999,0.121872,0.125899,0.131354,0.122179,0.126761"
A_Case_of_Two_Cities_1001,"0.115402,0.128183,0.130782,0.129299,0.126392,0.125002,0.126932,0.118009"
A_Case_of_Two_Cities_1003,"0.123119,0.127668,0.124420,0.125813,0.124523,0.124319,0.126846,0.123293"
A_Case_of_Two_Cities_1018,"0.109448,0.131686,0.142314,0.137990,0.123104,0.118440,0.127575,0.109442"
A_Case_of_Two_Cities_1021,"0.115938,0.128308,0.133006,0.118379,0.129491,0.133527,0.123301,0.118051"
A_Case_of_Two_Cities_1030,"0.137828,0.116211,0.125953,0.114029,0.124844,0.136880,0.119699,0.124556"
A_Case_of_Two_Cities_1061,"0.138431,0.113444,0.129468,0.115303,0.125197,0.130006,0.118413,0.129737"
A_Case_of_Two_Cities_1062,"0.138199,0.114769,0.119549,0.119442,0.121496,0.132237,0.118674,0.135635"
A_Case_of_Two_Cities_1077,"0.130973,0.120451,0.123269,0.119043,0.122283,0.133622,0.122067,0.128291"
A_Case_of_Two_Cities_1079,"0.127365,0.118433,0.122381,0.125020,0.133962,0.132547,0.115878,0.124415"
A_Case_of_Two_Cities_1081,"0.131327,0.122369,0.125515,0.121220,0.123188,0.127596,0.122927,0.125858"
A_Case_of_Two_Cities_1083,"0.126178,0.126195,0.125083,0.123460,0.125331,0.125243,0.123761,0.124749"
A_Case_of_Two_Cities_1084,"0.135582,0.118884,0.130323,0.116591,0.123670,0.126062,0.120591,0.128297"
A_Case_of_Two_Cities_1108,"0.127456,0.125238,0.124895,0.123061,0.125745,0.128730,0.120192,0.124682"
A_Case_of_Two_Cities_1111,"0.134688,0.111907,0.123063,0.117852,0.123280,0.127339,0.124992,0.136878"
A_Case_of_Two_Cities_1125,"0.101939,0.169394,0.129738,0.117195,0.130408,0.137431,0.124338,0.089557"
A_Case_of_Two_Cities_1132,"0.110940,0.137675,0.130252,0.123397,0.129521,0.121481,0.133538,0.113197"
A_Case_of_Two_Cities_1141,"0.128139,0.118374,0.123209,0.110618,0.126684,0.139846,0.121879,0.131251"
A_Case_of_Two_Cities_1148,"0.124248,0.125365,0.126009,0.123055,0.119928,0.127386,0.124713,0.129296"
A_Case_of_Two_Cities_1155,"0.124692,0.110059,0.142562,0.113781,0.127992,0.131814,0.124862,0.124239"
A_Case_of_Two_Cities_1166,"0.126193,0.121972,0.129384,0.120468,0.125650,0.128349,0.123763,0.124222"
A_Case_of_Two_Cities_1178,"0.140694,0.106796,0.130291,0.108842,0.123640,0.125289,0.126420,0.138028"
A_Case_of_Two_Cities_1182,"0.131601,0.115353,0.119837,0.112290,0.118674,0.136497,0.129484,0.136264"
A_Case_of_Two_Cities_1184,"0.127870,0.122737,0.124547,0.123236,0.126084,0.126627,0.123485,0.125415"
A_Case_of_Two_Cities_1196,"0.128125,0.118090,0.122759,0.121508,0.125031,0.134786,0.121471,0.128230"
A_Case_of_Two_Cities_1198,"0.132630,0.121554,0.125979,0.121103,0.123079,0.127614,0.120929,0.127111"
A_Case_of_Two_Cities_1215,"0.135582,0.118884,0.130323,0.116591,0.123670,0.126062,0.120591,0.128297"
A_Case_of_Two_Cities_1220,"0.118929,0.123130,0.124221,0.120990,0.123664,0.134038,0.130198,0.124829"
A_Case_of_Two_Cities_1222,"0.119807,0.130875,0.135713,0.113206,0.118644,0.132453,0.127052,0.122252"
A_Case_of_Two_Cities_123,"0.137551,0.113377,0.124315,0.119361,0.123832,0.127006,0.126845,0.127713"
A_Case_of_Two_Cities_1235,"0.119842,0.128200,0.125279,0.124172,0.117925,0.135571,0.130600,0.118412"
A_Case_of_Two_Cities_1237,"0.197398,0.042744,0.142850,0.087041,0.121575,0.196130,0.091650,0.120611"
A_Case_of_Two_Cities_1252,"0.099763,0.133198,0.147145,0.111267,0.131344,0.135676,0.145891,0.095717"
A_Case_of_Two_Cities_1257,"0.131949,0.121236,0.126660,0.122044,0.123291,0.126587,0.123380,0.124853"
A_Case_of_Two_Cities_1267,"0.132653,0.118235,0.125636,0.119223,0.122504,0.129307,0.121977,0.130465"
A_Case_of_Two_Cities_1274,"0.113716,0.134304,0.146008,0.112804,0.131219,0.117921,0.139108,0.104920"
A_Case_of_Two_Cities_1275,"0.143570,0.109761,0.121391,0.115087,0.118056,0.132595,0.118614,0.140926"
A_Case_of_Two_Cities_1306,"0.132854,0.114913,0.151546,0.105842,0.114140,0.130904,0.128472,0.121330"
A_Case_of_Two_Cities_1315,"0.130285,0.115108,0.132718,0.120420,0.119979,0.130504,0.127190,0.123796"
A_Case_of_Two_Cities_1336,"0.134725,0.116013,0.123446,0.111663,0.119681,0.142765,0.122907,0.128798"
A_Case_of_Two_Cities_1373,"0.137809,0.115496,0.126851,0.117418,0.125324,0.128062,0.118551,0.130490"
A_Case_of_Two_Cities_1381,"0.117818,0.128397,0.131174,0.125612,0.125789,0.122762,0.132099,0.116348"
A_Case_of_Two_Cities_1390,"0.121425,0.116816,0.145786,0.104604,0.133159,0.139305,0.119978,0.118927"
A_Case_of_Two_Cities_142,"0.121494,0.128254,0.131459,0.116699,0.120091,0.127978,0.134008,0.120017"
A_Case_of_Two_Cities_1422,"0.125895,0.127656,0.127413,0.125054,0.126453,0.125966,0.123791,0.117773"
A_Case_of_Two_Cities_1434,"0.138431,0.113444,0.129468,0.115303,0.125197,0.130006,0.118413,0.129737"
A_Case_of_Two_Cities_1436,"0.132189,0.117593,0.128706,0.120885,0.124728,0.128740,0.118583,0.128576"
A_Case_of_Two_Cities_1455,"0.117696,0.124819,0.139300,0.121354,0.124892,0.124973,0.131219,0.115746"
A_Case_of_Two_Cities_1456,"0.132203,0.114349,0.124817,0.119947,0.125406,0.128120,0.123592,0.131566"
A_Case_of_Two_Cities_1460,"0.127431,0.122024,0.125664,0.122507,0.125991,0.129281,0.122511,0.124590"
A_Case_of_Two_Cities_1462,"0.123746,0.123256,0.126359,0.123373,0.123328,0.132037,0.121867,0.126034"
A_Case_of_Two_Cities_1465,"0.143617,0.110838,0.121897,0.120596,0.121303,0.134721,0.114343,0.132685"
A_Case_of_Two_Cities_1466,"0.125279,0.125464,0.122735,0.124010,0.122555,0.131144,0.118835,0.129978"
A_Case_of_Two_Cities_1469,"0.134620,0.117125,0.122849,0.120584,0.124393,0.128482,0.119802,0.132145"
A_Case_of_Two_Cities_1496,"0.137824,0.104749,0.133119,0.114739,0.123937,0.128901,0.119936,0.136795"
A_Case_of_Two_Cities_1528,"0.131242,0.111955,0.135613,0.113555,0.126359,0.132161,0.121854,0.127261"
A_Case_of_Two_Cities_1542,"0.145348,0.109315,0.124423,0.110950,0.124897,0.129535,0.118721,0.136811"
A_Case_of_Two_Cities_1552,"0.125620,0.124351,0.137646,0.122779,0.115978,0.124467,0.128773,0.120386"
A_Case_of_Two_Cities_1578,"0.120713,0.124922,0.131061,0.121947,0.123219,0.134838,0.123587,0.119714"
A_Case_of_Two_Cities_1580,"0.131951,0.114995,0.130370,0.119691,0.121079,0.132272,0.122562,0.127079"
A_Case_of_Two_Cities_1585,"0.135015,0.117561,0.129623,0.122983,0.124888,0.129554,0.119000,0.121375"
A_Case_of_Two_Cities_1587,"0.129335,0.116467,0.125004,0.118881,0.121403,0.130471,0.124947,0.133492"
A_Case_of_Two_Cities_1593,"0.131839,0.115267,0.125855,0.110447,0.121312,0.133119,0.126220,0.135940"
A_Case_of_Two_Cities_1612,"0.118542,0.124659,0.135992,0.117302,0.126815,0.133615,0.127673,0.115402"
A_Case_of_Two_Cities_1639,"0.136323,0.114574,0.124427,0.115809,0.121572,0.133243,0.123860,0.130192"
A_Case_of_Two_Cities_1644,"0.128265,0.123025,0.122370,0.122765,0.126339,0.131654,0.123107,0.122475"
A_Case_of_Two_Cities_1653,"0.126264,0.122854,0.127383,0.121463,0.126753,0.125899,0.126489,0.122894"
A_Case_of_Two_Cities_1654,"0.137963,0.113526,0.126293,0.118695,0.120627,0.131968,0.121524,0.129404"
A_Case_of_Two_Cities_1656,"0.117977,0.128274,0.134056,0.122528,0.121583,0.125068,0.134563,0.115950"
A_Case_of_Two_Cities_1672,"0.141297,0.117881,0.120429,0.123705,0.118851,0.127580,0.118759,0.131498"
A_Case_of_Two_Cities_1674,"0.128637,0.119139,0.132743,0.122805,0.123769,0.124014,0.123350,0.125543"
A_Case_of_Two_Cities_1679,"0.127035,0.127361,0.124694,0.122085,0.122884,0.133607,0.123909,0.118425"
A_Case_of_Two_Cities_1684,"0.135582,0.118884,0.130323,0.116591,0.123670,0.126062,0.120591,0.128297"
A_Case_of_Two_Cities_1698,"0.127804,0.123414,0.124037,0.122688,0.125365,0.125669,0.123548,0.127475"
A_Case_of_Two_Cities_1704,"0.120842,0.125234,0.129500,0.124410,0.120431,0.132341,0.123165,0.124077"
A_Case_of_Two_Cities_1737,"0.133470,0.116462,0.127065,0.117913,0.126083,0.128276,0.121811,0.128920"
A_Case_of_Two_Cities_1738,"0.129080,0.123050,0.127950,0.117070,0.125199,0.126929,0.123664,0.127059"
A_Case_of_Two_Cities_1749,"0.132653,0.118235,0.125636,0.119223,0.122504,0.129307,0.121977,0.130465"
A_Case_of_Two_Cities_1777,"0.130054,0.126276,0.128979,0.110244,0.119859,0.132756,0.130477,0.121355"
A_Case_of_Two_Cities_179,"0.127606,0.122888,0.123611,0.123495,0.125332,0.126591,0.123679,0.126797"
A_Case_of_Two_Cities_1794,"0.118014,0.124841,0.138189,0.115226,0.124730,0.133801,0.129926,0.115273"
A_Case_of_Two_Cities_1804,"0.131242,0.111955,0.135613,0.113555,0.126359,0.132161,0.121854,0.127261"
A_Case_of_Two_Cities_181,"0.126682,0.124763,0.124120,0.123933,0.123961,0.127210,0.123147,0.126185"
A_Case_of_Two_Cities_1811,"0.126497,0.120165,0.129521,0.120487,0.126025,0.131447,0.123519,0.122340"
A_Case_of_Two_Cities_1812,"0.120598,0.126088,0.127973,0.122009,0.125260,0.127831,0.126824,0.123418"
A_Case_of_Two_Cities_182,"0.134981,0.100957,0.139275,0.107470,0.129601,0.127878,0.121070,0.138767"
A_Case_of_Two_Cities_1820,"0.128710,0.126568,0.125907,0.122933,0.126318,0.123875,0.123180,0.122509"
A_Case_of_Two_Cities_183,"0.120576,0.126162,0.132390,0.119737,0.123612,0.126793,0.127345,0.123386"
A_Case_of_Two_Cities_184,"0.117660,0.120245,0.141548,0.118165,0.123125,0.132893,0.129370,0.116994"
A_Case_of_Two_Cities_186,"0.122330,0.126839,0.126636,0.126009,0.122010,0.126278,0.128815,0.121084"
A_Case_of_Two_Cities_1882,"0.117529,0.129440,0.129733,0.124934,0.119564,0.126398,0.126180,0.126221"
A_Case_of_Two_Cities_1884,"0.140530,0.104032,0.135495,0.117786,0.120279,0.137173,0.118636,0.126069"
A_Case_of_Two_Cities_189,"0.126283,0.121065,0.132391,0.121071,0.122467,0.128715,0.125420,0.122590"
A_Case_of_Two_Cities_1893,"0.128952,0.120753,0.125760,0.123804,0.128295,0.119951,0.128900,0.123585"
A_Case_of_Two_Cities_1894,"0.126833,0.116260,0.129313,0.123962,0.122544,0.129474,0.127200,0.124414"
A_Case_of_Two_Cities_1906,"0.120824,0.126718,0.127357,0.125721,0.123973,0.126844,0.125146,0.123416"
A_Case_of_Two_Cities_191,"0.125838,0.126194,0.123309,0.125282,0.125568,0.124649,0.124344,0.124817"
A_Case_of_Two_Cities_192,"0.122367,0.126687,0.130363,0.126994,0.122505,0.124662,0.128291,0.118131"
A_Case_of_Two_Cities_194,"0.120058,0.133585,0.126277,0.124980,0.124305,0.128114,0.128012,0.114668"
A_Case_of_Two_Cities_1944,"0.124084,0.120873,0.134764,0.117099,0.125501,0.132068,0.121751,0.123860"
A_Case_of_Two_Cities_195,"0.120359,0.121129,0.128778,0.122716,0.117071,0.133859,0.129289,0.126799"
A_Case_of_Two_Cities_1952,"0.113091,0.134837,0.130219,0.123529,0.129962,0.128541,0.129099,0.110722"
A_Case_of_Two_Cities_1972,"0.112433,0.136892,0.134445,0.117577,0.125364,0.131790,0.129856,0.111642"
A_Case_of_Two_Cities_198,"0.126755,0.123606,0.124593,0.123104,0.125499,0.126344,0.124218,0.125880"
A_Case_of_Two_Cities_199,"0.123252,0.127261,0.132466,0.122730,0.120527,0.126521,0.127974,0.119268"
A_Case_of_Two_Cities_1998,"0.112710,0.126019,0.133465,0.115300,0.134110,0.125908,0.127323,0.125166"
A_Case_of_Two_Cities_200,"0.126136,0.122388,0.128188,0.121297,0.125798,0.126652,0.124192,0.125349"
A_Case_of_Two_Cities_2001,"0.124439,0.116435,0.133289,0.120108,0.121930,0.127471,0.128175,0.128153"
A_Case_of_Two_Cities_2009,"0.117736,0.129128,0.129103,0.124416,0.128746,0.126065,0.132367,0.112439"
A_Case_of_Two_Cities_201,"0.122374,0.119173,0.135275,0.118536,0.119493,0.130916,0.125623,0.128610"
A_Case_of_Two_Cities_203,"0.127304,0.122117,0.128602,0.121825,0.124711,0.127362,0.124216,0.123862"
A_Case_of_Two_Cities_207,"0.124251,0.130120,0.128074,0.122354,0.124734,0.127403,0.127480,0.115583"
A_Case_of_Two_Cities_2078,"0.135582,0.118884,0.130323,0.116591,0.123670,0.126062,0.120591,0.128297"
A_Case_of_Two_Cities_2099,"0.114107,0.138337,0.127575,0.121116,0.123271,0.126565,0.129274,0.119755"
A_Case_of_Two_Cities_210,"0.121383,0.113683,0.131266,0.127512,0.122048,0.129716,0.128996,0.125397"
A_Case_of_Two_Cities_2103,"0.135488,0.122547,0.129705,0.114286,0.122012,0.131771,0.122227,0.121964"
A_Case_of_Two_Cities_211,"0.123143,0.125797,0.126533,0.123260,0.125820,0.126773,0.125407,0.123266"
A_Case_of_Two_Cities_212,"0.128183,0.118900,0.128109,0.120708,0.123162,0.130107,0.123845,0.126986"
A_Case_of_Two_Cities_2146,"0.121334,0.128185,0.141471,0.115138,0.115194,0.129015,0.137149,0.112514"
A_Case_of_Two_Cities_2148,"0.145452,0.090658,0.131979,0.103720,0.118432,0.138594,0.102387,0.168779"
A_Case_of_Two_Cities_2151,"0.135591,0.112099,0.126914,0.114228,0.125885,0.129400,0.118770,0.137113"
A_Case_of_Two_Cities_2152,"0.141130,0.116353,0.130333,0.116929,0.121697,0.128430,0.118614,0.126514"
A_Case_of_Two_Cities_2153,"0.100075,0.143300,0.148466,0.117909,0.129351,0.131799,0.131452,0.097649"
A_Case_of_Two_Cities_2158,"0.125431,0.124238,0.123914,0.125182,0.125850,0.126428,0.124477,0.124480"
A_Case_of_Two_Cities_216,"0.127768,0.122100,0.124508,0.122876,0.124841,0.126571,0.123684,0.127651"
A_Case_of_Two_Cities_2161,"0.133179,0.111798,0.125569,0.119556,0.122660,0.136090,0.121193,0.129955"
A_Case_of_Two_Cities_2166,"0.131507,0.121411,0.128106,0.118785,0.125289,0.125651,0.122414,0.126837"
A_Case_of_Two_Cities_2167,"0.111912,0.139890,0.125217,0.124345,0.119402,0.134067,0.132848,0.112318"
A_Case_of_Two_Cities_217,"0.125152,0.122562,0.133080,0.116313,0.131190,0.138840,0.120274,0.112589"
A_Case_of_Two_Cities_2174,"0.122114,0.126019,0.129896,0.123164,0.124627,0.126735,0.132091,0.115354"
A_Case_of_Two_Cities_2179,"0.133338,0.116015,0.126787,0.118055,0.125039,0.128648,0.123552,0.128567"
A_Case_of_Two_Cities_2183,"0.121399,0.134082,0.136821,0.122971,0.121576,0.127541,0.124345,0.111265"
A_Case_of_Two_Cities_2189,"0.133455,0.114068,0.128901,0.118059,0.127053,0.130420,0.122190,0.125854"
A_Case_of_Two_Cities_219,"0.129615,0.122014,0.123105,0.123079,0.124158,0.126153,0.124086,0.127790"
A_Case_of_Two_Cities_2190,"0.141926,0.115370,0.120720,0.117294,0.120794,0.129710,0.122230,0.131957"
A_Case_of_Two_Cities_2191,"0.127458,0.118366,0.124992,0.111770,0.123409,0.136505,0.124521,0.132978"
A_Case_of_Two_Cities_2196,"0.126620,0.123841,0.128282,0.122357,0.121493,0.131915,0.121043,0.124449"
A_Case_of_Two_Cities_220,"0.133921,0.124531,0.125854,0.118969,0.129642,0.123483,0.124479,0.119121"
A_Case_of_Two_Cities_221,"0.139945,0.110778,0.123589,0.114131,0.124063,0.129545,0.119397,0.138550"
A_Case_of_Two_Cities_2219,"0.111349,0.121481,0.137651,0.130708,0.123065,0.130645,0.136832,0.108269"
A_Case_of_Two_Cities_222,"0.131240,0.114915,0.143727,0.107902,0.142101,0.135092,0.108053,0.116970"
A_Case_of_Two_Cities_224,"0.131242,0.111955,0.135613,0.113555,0.126359,0.132161,0.121854,0.127261"
A_Case_of_Two_Cities_2247,"0.168736,0.091789,0.103481,0.097186,0.121562,0.148684,0.102422,0.166141"
A_Case_of_Two_Cities_226,"0.124475,0.124753,0.127885,0.121129,0.122572,0.130859,0.123190,0.125136"
A_Case_of_Two_Cities_2264,"0.133455,0.114068,0.128901,0.118059,0.127053,0.130420,0.122190,0.125854"
A_Case_of_Two_Cities_227,"0.129732,0.118045,0.131119,0.118297,0.124477,0.131445,0.119297,0.127588"
A_Case_of_Two_Cities_228,"0.125369,0.125916,0.125995,0.123310,0.125331,0.126504,0.123746,0.123830"
A_Case_of_Two_Cities_229,"0.126502,0.121239,0.131107,0.113852,0.120257,0.130050,0.127106,0.129888"
A_Case_of_Two_Cities_2300,"0.129026,0.123248,0.127656,0.121479,0.125118,0.132409,0.119067,0.121998"
A_Case_of_Two_Cities_2306,"0.122450,0.126392,0.132317,0.120903,0.122762,0.137377,0.121907,0.115893"
A_Case_of_Two_Cities_231,"0.122892,0.123600,0.125502,0.122184,0.123164,0.131298,0.125053,0.126307"
A_Case_of_Two_Cities_2310,"0.144905,0.109395,0.118507,0.114193,0.118535,0.134818,0.125064,0.134583"
A_Case_of_Two_Cities_2313,"0.118048,0.124697,0.147347,0.102637,0.149032,0.169451,0.104178,0.084609"
A_Case_of_Two_Cities_2315,"0.126894,0.126975,0.129724,0.119888,0.124581,0.131026,0.126789,0.114123"
A_Case_of_Two_Cities_2318,"0.129219,0.118817,0.130898,0.118478,0.127370,0.133204,0.117243,0.124771"
A_Case_of_Two_Cities_232,"0.127272,0.123083,0.125179,0.121731,0.125760,0.125304,0.123968,0.127701"
A_Case_of_Two_Cities_233,"0.123502,0.125311,0.128254,0.117880,0.123316,0.125614,0.132601,0.123522"
A_Case_of_Two_Cities_234,"0.127268,0.123813,0.125321,0.124012,0.124667,0.126121,0.124622,0.124176"
A_Case_of_Two_Cities_2348,"0.121665,0.129890,0.120449,0.127812,0.123928,0.131106,0.127878,0.117272"
A_Case_of_Two_Cities_2350,"0.135443,0.121322,0.127709,0.122277,0.124385,0.128313,0.118579,0.121972"
A_Case_of_Two_Cities_2352,"0.144905,0.109395,0.118507,0.114193,0.118535,0.134818,0.125064,0.134583"
A_Case_of_Two_Cities_2353,"0.104790,0.139727,0.128498,0.123995,0.124323,0.126495,0.137112,0.115062"
A_Case_of_Two_Cities_236,"0.124012,0.122387,0.130277,0.120772,0.124498,0.128480,0.127918,0.121657"
A_Case_of_Two_Cities_2360,"0.132106,0.118910,0.133075,0.120676,0.124565,0.122581,0.123800,0.124288"
A_Case_of_Two_Cities_2369,"0.129219,0.118817,0.130898,0.118478,0.127370,0.133204,0.117243,0.124771"
A_Case_of_Two_Cities_237,"0.124703,0.123655,0.126779,0.121503,0.126182,0.127600,0.125010,0.124566"
A_Case_of_Two_Cities_2377,"0.112557,0.132611,0.130207,0.125088,0.123735,0.133012,0.130330,0.112459"
A_Case_of_Two_Cities_2379,"0.122752,0.111728,0.134589,0.116673,0.113069,0.154227,0.123471,0.123491"
A_Case_of_Two_Cities_2393,"0.135582,0.118884,0.130323,0.116591,0.123670,0.126062,0.120591,0.128297"
A_Case_of_Two_Cities_240,"0.125738,0.117997,0.132758,0.125386,0.123774,0.134150,0.123465,0.116733"
A_Case_of_Two_Cities_2407,"0.151982,0.088973,0.132418,0.090483,0.128396,0.150066,0.118446,0.139237"
A_Case_of_Two_Cities_241,"0.147888,0.095353,0.128632,0.114679,0.121751,0.135232,0.116075,0.140389"
A_Case_of_Two_Cities_2414,"0.126428,0.122867,0.127760,0.121317,0.122280,0.127180,0.126691,0.125476"
A_Case_of_Two_Cities_242,"0.137828,0.116211,0.125953,0.114029,0.124844,0.136880,0.119699,0.124556"
A_Case_of_Two_Cities_243,"0.126459,0.123145,0.126966,0.125756,0.126225,0.123530,0.123320,0.124598"
A_Case_of_Two_Cities_2436,"0.135914,0.117151,0.128073,0.120286,0.120491,0.127639,0.123030,0.127415"
A_Case_of_Two_Cities_244,"0.122504,0.128984,0.124736,0.127151,0.130403,0.116474,0.125035,0.124713"
A_Case_of_Two_Cities_2444,"0.135084,0.114662,0.126849,0.123087,0.125033,0.123727,0.118966,0.132591"
A_Case_of_Two_Cities_2448,"0.125816,0.125441,0.127071,0.122687,0.126804,0.128502,0.119772,0.123908"
A_Case_of_Two_Cities_2449,"0.131418,0.119743,0.129424,0.122024,0.123681,0.124950,0.120477,0.128283"
A_Case_of_Two_Cities_245,"0.118005,0.126656,0.136076,0.117208,0.121498,0.131529,0.132693,0.116335"
A_Case_of_Two_Cities_246,"0.133412,0.113301,0.127465,0.114107,0.130751,0.137386,0.110980,0.132597"
A_Case_of_Two_Cities_2461,"0.128852,0.122441,0.127206,0.123949,0.125420,0.129161,0.122860,0.120112"
A_Case_of_Two_Cities_247,"0.128938,0.125676,0.127733,0.123060,0.125343,0.120423,0.125150,0.123677"
A_Case_of_Two_Cities_2474,"0.132789,0.110874,0.124001,0.121318,0.119393,0.140716,0.120234,0.130675"
A_Case_of_Two_Cities_2477,"0.117279,0.124902,0.128638,0.117629,0.127523,0.132516,0.127860,0.123652"
A_Case_of_Two_Cities_2478,"0.133455,0.114068,0.128901,0.118059,0.127053,0.130420,0.122190,0.125854"
A_Case_of_Two_Cities_2482,"0.134394,0.112823,0.126316,0.113505,0.122136,0.127337,0.129292,0.134197"
A_Case_of_Two_Cities_2490,"0.138432,0.117516,0.120735,0.118855,0.122525,0.130568,0.121394,0.129975"
A_Case_of_Two_Cities_2496,"0.115984,0.125438,0.132495,0.121971,0.130269,0.128905,0.125312,0.119626"
A_Case_of_Two_Cities_2503,"0.135816,0.115831,0.124163,0.123586,0.128031,0.121835,0.121479,0.129260"
A_Case_of_Two_Cities_251,"0.131619,0.116123,0.128323,0.118731,0.124971,0.129610,0.122826,0.127796"
A_Case_of_Two_Cities_2524,"0.123471,0.125107,0.130759,0.123572,0.125376,0.127507,0.124805,0.119405"
A_Case_of_Two_Cities_2526,"0.131596,0.120711,0.130503,0.115958,0.128010,0.129742,0.123098,0.120381"
A_Case_of_Two_Cities_2527,"0.124877,0.124096,0.133417,0.122750,0.123592,0.123366,0.129357,0.118543"
A_Case_of_Two_Cities_253,"0.127498,0.122622,0.123852,0.121951,0.125064,0.127936,0.123181,0.127897"
A_Case_of_Two_Cities_2531,"0.117622,0.124690,0.135676,0.122333,0.122454,0.128257,0.129006,0.119962"
A_Case_of_Two_Cities_2536,"0.126428,0.122867,0.127760,0.121317,0.122280,0.127180,0.126691,0.125476"
A_Case_of_Two_Cities_254,"0.129782,0.119172,0.127324,0.121654,0.127593,0.127001,0.123270,0.124205"
A_Case_of_Two_Cities_255,"0.132007,0.116105,0.130184,0.125758,0.124819,0.130337,0.119786,0.121004"
A_Case_of_Two_Cities_2550,"0.127162,0.117709,0.127610,0.121402,0.120848,0.140770,0.119440,0.125058"
A_Case_of_Two_Cities_2551,"0.135582,0.118884,0.130323,0.116591,0.123670,0.126062,0.120591,0.128297"
A_Case_of_Two_Cities_256,"0.127980,0.111626,0.148291,0.109082,0.113459,0.143329,0.129933,0.116301"
A_Case_of_Two_Cities_2562,"0.127894,0.125572,0.132314,0.120570,0.125843,0.129142,0.119991,0.118673"
A_Case_of_Two_Cities_2567,"0.137968,0.110455,0.133514,0.112999,0.123679,0.131148,0.124194,0.126042"
A_Case_of_Two_Cities_2568,"0.135582,0.118884,0.130323,0.116591,0.123670,0.126062,0.120591,0.128297"
A_Case_of_Two_Cities_2586,"0.130780,0.115642,0.140016,0.105152,0.121714,0.140225,0.122171,0.124300"
A_Case_of_Two_Cities_2589,"0.124084,0.120873,0.134764,0.117099,0.125501,0.132068,0.121751,0.123860"
A_Case_of_Two_Cities_259,"0.111709,0.132511,0.125733,0.128416,0.120990,0.132858,0.131561,0.116222"
A_Case_of_Two_Cities_2592,"0.124006,0.123614,0.141688,0.117940,0.118355,0.128387,0.126445,0.119564"
A_Case_of_Two_Cities_260,"0.122374,0.119173,0.135275,0.118536,0.119493,0.130916,0.125623,0.128610"
A_Case_of_Two_Cities_2613,"0.129186,0.122321,0.123790,0.121938,0.126004,0.128964,0.119405,0.128391"
A_Case_of_Two_Cities_2620,"0.128495,0.120268,0.127316,0.122045,0.124121,0.129357,0.122651,0.125747"
A_Case_of_Two_Cities_2623,"0.124384,0.128456,0.127669,0.120932,0.125136,0.122759,0.126974,0.123691"
A_Case_of_Two_Cities_2625,"0.106184,0.121691,0.155662,0.122686,0.118485,0.133486,0.140835,0.100970"
A_Case_of_Two_Cities_2627,"0.120183,0.109150,0.166959,0.112810,0.113205,0.141488,0.135317,0.100888"
A_Case_of_Two_Cities_2631,"0.119991,0.104292,0.176256,0.117948,0.128570,0.119589,0.120389,0.112965"
A_Case_of_Two_Cities_2636,"0.124830,0.124748,0.127958,0.126215,0.120654,0.131412,0.123502,0.120681"
A_Case_of_Two_Cities_264,"0.129966,0.118046,0.131455,0.122166,0.122377,0.133298,0.120129,0.122562"
A_Case_of_Two_Cities_2645,"0.129466,0.122246,0.128640,0.119679,0.123935,0.126262,0.122339,0.127432"
A_Case_of_Two_Cities_2646,"0.122639,0.122234,0.128502,0.113511,0.122606,0.135470,0.130965,0.124072"
A_Case_of_Two_Cities_265,"0.121636,0.126411,0.128425,0.122357,0.126883,0.128354,0.124700,0.121234"
A_Case_of_Two_Cities_2653,"0.141289,0.095194,0.144579,0.101018,0.134289,0.141876,0.107418,0.134338"
A_Case_of_Two_Cities_2657,"0.129168,0.123080,0.125737,0.126331,0.124700,0.130489,0.118985,0.121509"
A_Case_of_Two_Cities_266,"0.131876,0.120835,0.125212,0.123220,0.123708,0.127822,0.122825,0.124502"
A_Case_of_Two_Cities_2660,"0.135582,0.118884,0.130323,0.116591,0.123670,0.126062,0.120591,0.128297"
A_Case_of_Two_Cities_2662,"0.130259,0.117488,0.126428,0.125741,0.120894,0.129067,0.120792,0.129331"
A_Case_of_Two_Cities_2670,"0.136786,0.114993,0.121733,0.115272,0.129853,0.136222,0.117252,0.127889"
A_Case_of_Two_Cities_268,"0.133708,0.117181,0.133691,0.119323,0.119087,0.124299,0.125805,0.126905"
A_Case_of_Two_Cities_2684,"0.125334,0.121683,0.127867,0.122635,0.125336,0.129311,0.123928,0.123907"
A_Case_of_Two_Cities_269,"0.127688,0.125821,0.126397,0.124959,0.123565,0.126760,0.121742,0.123068"
A_Case_of_Two_Cities_2695,"0.131447,0.117367,0.125989,0.118507,0.124831,0.128396,0.122413,0.131050"
A_Case_of_Two_Cities_270,"0.123578,0.122694,0.129623,0.122053,0.126758,0.127014,0.122290,0.125990"
A_Case_of_Two_Cities_2704,"0.130089,0.120921,0.128516,0.125851,0.115216,0.131917,0.124520,0.122969"
A_Case_of_Two_Cities_271,"0.127551,0.124528,0.122690,0.124512,0.124538,0.126259,0.123789,0.126132"
A_Case_of_Two_Cities_272,"0.116441,0.131062,0.128569,0.129736,0.125278,0.122940,0.127949,0.118024"
A_Case_of_Two_Cities_2742,"0.121402,0.124317,0.135541,0.122615,0.121704,0.124809,0.126724,0.122888"
A_Case_of_Two_Cities_2748,"0.153127,0.115265,0.108743,0.113330,0.119997,0.141391,0.111470,0.136676"
A_Case_of_Two_Cities_276,"0.114534,0.125655,0.137778,0.121270,0.122887,0.131346,0.132829,0.113702"
A_Case_of_Two_Cities_2778,"0.136979,0.115665,0.122166,0.121488,0.121227,0.133076,0.118927,0.130473"
A_Case_of_Two_Cities_278,"0.125402,0.123029,0.130754,0.120419,0.125858,0.129194,0.122935,0.122408"
A_Case_of_Two_Cities_2786,"0.135591,0.112099,0.126914,0.114228,0.125885,0.129400,0.118770,0.137113"
A_Case_of_Two_Cities_2793,"0.130500,0.121492,0.124941,0.118356,0.123179,0.131033,0.120287,0.130213"
A_Case_of_Two_Cities_2803,"0.126261,0.123050,0.133663,0.121046,0.121794,0.131756,0.124931,0.117499"
A_Case_of_Two_Cities_2824,"0.133550,0.119444,0.120500,0.122512,0.125569,0.134037,0.122578,0.121810"
A_Case_of_Two_Cities_283,"0.129606,0.119416,0.128848,0.118201,0.125832,0.129617,0.122723,0.125756"
A_Case_of_Two_Cities_284,"0.124774,0.123131,0.128580,0.122422,0.124639,0.128347,0.124139,0.123968"
A_Case_of_Two_Cities_2841,"0.121942,0.131873,0.129398,0.119117,0.123062,0.128951,0.126220,0.119437"
A_Case_of_Two_Cities_285,"0.129092,0.121656,0.123155,0.123906,0.125908,0.125266,0.123551,0.127466"
A_Case_of_Two_Cities_2866,"0.113176,0.134180,0.129191,0.129141,0.125872,0.122102,0.133168,0.113169"
A_Case_of_Two_Cities_287,"0.142472,0.098244,0.122150,0.105385,0.123302,0.150635,0.110408,0.147405"
A_Case_of_Two_Cities_2876,"0.133455,0.114068,0.128901,0.118059,0.127053,0.130420,0.122190,0.125854"
A_Case_of_Two_Cities_2883,"0.124512,0.124409,0.123881,0.120704,0.123068,0.130366,0.126377,0.126683"
A_Case_of_Two_Cities_2884,"0.118929,0.123130,0.124221,0.120990,0.123664,0.134038,0.130198,0.124829"
A_Case_of_Two_Cities_2897,"0.147306,0.105513,0.119171,0.113572,0.129165,0.133591,0.109369,0.142312"
A_Case_of_Two_Cities_2899,"0.116829,0.127100,0.138579,0.107192,0.136544,0.141528,0.121660,0.110568"
A_Case_of_Two_Cities_2904,"0.139200,0.113020,0.123276,0.120309,0.115596,0.132533,0.120774,0.135293"
A_Case_of_Two_Cities_2906,"0.133322,0.121273,0.128185,0.120306,0.124900,0.129339,0.118051,0.124623"
A_Case_of_Two_Cities_2909,"0.121751,0.132155,0.124330,0.121412,0.125609,0.124781,0.125360,0.124601"
A_Case_of_Two_Cities_2915,"0.140646,0.112985,0.124663,0.117232,0.127012,0.128769,0.118695,0.129998"
A_Case_of_Two_Cities_2923,"0.125560,0.125224,0.131430,0.125141,0.125501,0.126364,0.124782,0.115997"
A_Case_of_Two_Cities_2926,"0.127450,0.112626,0.135296,0.116665,0.124562,0.134863,0.121355,0.127182"
A_Case_of_Two_Cities_2929,"0.125711,0.124673,0.131019,0.121759,0.122002,0.129347,0.122702,0.122787"
A_Case_of_Two_Cities_293,"0.133293,0.126570,0.121926,0.123884,0.122528,0.125868,0.121766,0.124165"
A_Case_of_Two_Cities_2931,"0.138430,0.112144,0.123499,0.119520,0.127178,0.132632,0.116020,0.130576"
A_Case_of_Two_Cities_294,"0.127455,0.123510,0.129830,0.121165,0.123689,0.128757,0.123540,0.122056"
A_Case_of_Two_Cities_2943,"0.131930,0.114932,0.133195,0.114670,0.123612,0.130808,0.122438,0.128415"
A_Case_of_Two_Cities_295,"0.105994,0.128894,0.139384,0.126150,0.117634,0.134669,0.132159,0.115116"
A_Case_of_Two_Cities_2956,"0.130470,0.118375,0.129491,0.117133,0.124960,0.134018,0.122265,0.123289"
A_Case_of_Two_Cities_296,"0.124522,0.126826,0.123857,0.127359,0.124431,0.124421,0.125132,0.123453"
A_Case_of_Two_Cities_2961,"0.119326,0.129366,0.132569,0.119468,0.125729,0.127314,0.125993,0.120236"
A_Case_of_Two_Cities_297,"0.098821,0.147944,0.126435,0.132814,0.124566,0.134217,0.140139,0.095065"
A_Case_of_Two_Cities_2973,"0.127532,0.117244,0.133954,0.125073,0.123175,0.124343,0.125610,0.123070"
A_Case_of_Two_Cities_298,"0.134471,0.118556,0.125863,0.117205,0.123784,0.127043,0.123155,0.129924"
A_Case_of_Two_Cities_2982,"0.145717,0.110443,0.123537,0.115774,0.127276,0.131125,0.117709,0.128418"
A_Case_of_Two_Cities_300,"0.123875,0.122864,0.131219,0.123582,0.124628,0.128024,0.124919,0.120888"
A_Case_of_Two_Cities_3000,"0.127878,0.116681,0.131110,0.121728,0.120709,0.133578,0.123464,0.124852"
A_Case_of_Two_Cities_301,"0.129002,0.114902,0.129737,0.116684,0.126855,0.130268,0.124323,0.128228"
A_Case_of_Two_Cities_3017,"0.126563,0.125733,0.125318,0.125818,0.121455,0.127505,0.125580,0.122028"
A_Case_of_Two_Cities_302,"0.141243,0.106258,0.129051,0.107370,0.123873,0.132461,0.120315,0.139429"
A_Case_of_Two_Cities_3022,"0.130773,0.121661,0.126494,0.118291,0.122160,0.133419,0.122423,0.124780"
A_Case_of_Two_Cities_3023,"0.128139,0.118374,0.123209,0.110618,0.126684,0.139846,0.121879,0.131251"
A_Case_of_Two_Cities_3024,"0.126195,0.122413,0.126915,0.121618,0.124338,0.133505,0.123242,0.121774"
A_Case_of_Two_Cities_3028,"0.113214,0.133038,0.136234,0.121713,0.123984,0.128898,0.130254,0.112665"
A_Case_of_Two_Cities_3029,"0.114136,0.126868,0.136597,0.122731,0.124876,0.133844,0.126039,0.114909"
A_Case_of_Two_Cities_303,"0.118381,0.133169,0.128095,0.127965,0.130129,0.126867,0.126478,0.108916"
A_Case_of_Two_Cities_3030,"0.160975,0.093300,0.115827,0.108172,0.125317,0.137250,0.111247,0.147911"
A_Case_of_Two_Cities_3044,"0.118902,0.135213,0.131659,0.123035,0.123138,0.129607,0.123022,0.115424"
A_Case_of_Two_Cities_3067,"0.128629,0.118331,0.124858,0.122727,0.124287,0.129067,0.121047,0.131055"
A_Case_of_Two_Cities_307,"0.123673,0.124195,0.130103,0.124651,0.123208,0.131131,0.123987,0.119054"
A_Case_of_Two_Cities_3070,"0.144722,0.103735,0.125980,0.119114,0.118065,0.135952,0.113797,0.138634"
A_Case_of_Two_Cities_309,"0.129236,0.120092,0.125925,0.124991,0.127003,0.127133,0.121665,0.123955"
A_Case_of_Two_Cities_3105,"0.130119,0.116573,0.126300,0.115272,0.124203,0.132391,0.122304,0.132838"
A_Case_of_Two_Cities_311,"0.131242,0.111955,0.135613,0.113555,0.126359,0.132161,0.121854,0.127261"
A_Case_of_Two_Cities_3111,"0.133455,0.114068,0.128901,0.118059,0.127053,0.130420,0.122190,0.125854"
A_Case_of_Two_Cities_312,"0.124914,0.126159,0.125822,0.122390,0.124897,0.126682,0.125391,0.123746"
A_Case_of_Two_Cities_3120,"0.133455,0.114068,0.128901,0.118059,0.127053,0.130420,0.122190,0.125854"
A_Case_of_Two_Cities_3125,"0.121077,0.126926,0.123103,0.124896,0.125798,0.131479,0.120421,0.126299"
A_Case_of_Two_Cities_313,"0.124342,0.126689,0.131033,0.129153,0.120382,0.124530,0.127982,0.115889"
A_Case_of_Two_Cities_3144,"0.114247,0.126566,0.142290,0.113545,0.119571,0.127689,0.137698,0.118395"
A_Case_of_Two_Cities_3145,"0.128492,0.123529,0.126521,0.120185,0.124040,0.128592,0.122604,0.126037"
A_Case_of_Two_Cities_3146,"0.132189,0.117593,0.128706,0.120885,0.124728,0.128740,0.118583,0.128576"
A_Case_of_Two_Cities_3147,"0.116666,0.126088,0.129578,0.125801,0.119618,0.134485,0.128319,0.119444"
A_Case_of_Two_Cities_315,"0.124871,0.123089,0.124118,0.122233,0.126576,0.133405,0.123252,0.122455"
A_Case_of_Two_Cities_3159,"0.109604,0.139383,0.139992,0.117007,0.122178,0.126511,0.133989,0.111336"
A_Case_of_Two_Cities_3175,"0.119224,0.125119,0.140983,0.119264,0.114109,0.132264,0.136068,0.112967"
A_Case_of_Two_Cities_318,"0.134500,0.117196,0.127521,0.117599,0.125580,0.127642,0.120800,0.129162"
A_Case_of_Two_Cities_319,"0.112210,0.135393,0.132894,0.124007,0.122576,0.127145,0.133034,0.112740"
A_Case_of_Two_Cities_3192,"0.116167,0.131305,0.131076,0.120211,0.119955,0.127277,0.133464,0.120547"
A_Case_of_Two_Cities_320,"0.128525,0.121556,0.126499,0.121113,0.125312,0.127313,0.123906,0.125776"
A_Case_of_Two_Cities_3200,"0.113580,0.118794,0.129405,0.127532,0.121035,0.137483,0.134718,0.117454"
A_Case_of_Two_Cities_3205,"0.121721,0.126328,0.131781,0.119539,0.122238,0.127028,0.126763,0.124602"
A_Case_of_Two_Cities_3206,"0.132122,0.108181,0.137883,0.121236,0.108547,0.135762,0.122178,0.134092"
A_Case_of_Two_Cities_3210,"0.133600,0.115697,0.130397,0.120992,0.120578,0.130328,0.119517,0.128891"
A_Case_of_Two_Cities_3231,"0.115144,0.131048,0.134311,0.125223,0.126717,0.127096,0.126140,0.114321"
A_Case_of_Two_Cities_3259,"0.123983,0.118202,0.137485,0.119317,0.120649,0.137150,0.127039,0.116174"
A_Case_of_Two_Cities_3266,"0.135582,0.118884,0.130323,0.116591,0.123670,0.126062,0.120591,0.128297"
A_Case_of_Two_Cities_327,"0.126477,0.124515,0.126173,0.121471,0.124908,0.127266,0.125863,0.123327"
A_Case_of_Two_Cities_3276,"0.138431,0.113444,0.129468,0.115303,0.125197,0.130006,0.118413,0.129737"
A_Case_of_Two_Cities_3280,"0.113376,0.130152,0.134955,0.126099,0.117584,0.131645,0.128280,0.117909"
A_Case_of_Two_Cities_3291,"0.129600,0.117255,0.124345,0.119474,0.121281,0.129579,0.128232,0.130234"
A_Case_of_Two_Cities_3299,"0.122982,0.121695,0.122292,0.126523,0.121549,0.134704,0.125009,0.125246"
A_Case_of_Two_Cities_3319,"0.121519,0.128020,0.127681,0.126634,0.126030,0.124450,0.123736,0.121930"
A_Case_of_Two_Cities_332,"0.126274,0.126934,0.129800,0.121557,0.126891,0.129971,0.121866,0.116708"
A_Case_of_Two_Cities_333,"0.115514,0.134442,0.138255,0.126191,0.123441,0.120421,0.124463,0.117273"
A_Case_of_Two_Cities_3336,"0.121736,0.131717,0.127265,0.124359,0.126332,0.128151,0.125001,0.115439"
A_Case_of_Two_Cities_3345,"0.129190,0.121131,0.125147,0.121216,0.119314,0.136220,0.120603,0.127178"
A_Case_of_Two_Cities_3350,"0.130872,0.120613,0.128351,0.120488,0.125607,0.132205,0.122346,0.119519"
A_Case_of_Two_Cities_3354,"0.146669,0.095263,0.125739,0.102086,0.130228,0.131563,0.113419,0.155034"
A_Case_of_Two_Cities_3356,"0.131242,0.111955,0.135613,0.113555,0.126359,0.132161,0.121854,0.127261"
A_Case_of_Two_Cities_3357,"0.169253,0.085807,0.132001,0.104434,0.103543,0.142511,0.116423,0.146028"
A_Case_of_Two_Cities_336,"0.126563,0.125733,0.125318,0.125818,0.121455,0.127505,0.125580,0.122028"
A_Case_of_Two_Cities_3360,"0.136559,0.108866,0.124124,0.111340,0.126751,0.130451,0.117599,0.144311"
A_Case_of_Two_Cities_3364,"0.134371,0.112265,0.125890,0.117546,0.112248,0.150569,0.122068,0.125043"
A_Case_of_Two_Cities_3366,"0.117977,0.128274,0.134056,0.122528,0.121583,0.125068,0.134563,0.115950"
A_Case_of_Two_Cities_337,"0.135582,0.118884,0.130323,0.116591,0.123670,0.126062,0.120591,0.128297"
A_Case_of_Two_Cities_3404,"0.124540,0.125069,0.125066,0.119541,0.121170,0.128916,0.127893,0.127805"
A_Case_of_Two_Cities_3407,"0.129012,0.127679,0.120975,0.127057,0.123763,0.130360,0.117368,0.123786"
A_Case_of_Two_Cities_341,"0.123408,0.122071,0.128119,0.120485,0.125808,0.125853,0.129551,0.124706"
A_Case_of_Two_Cities_3425,"0.158783,0.101105,0.122770,0.111842,0.114967,0.132440,0.114493,0.143601"
A_Case_of_Two_Cities_3426,"0.122154,0.136127,0.132787,0.126904,0.121520,0.125206,0.124794,0.110509"
A_Case_of_Two_Cities_3435,"0.124639,0.122544,0.128076,0.122061,0.119909,0.129024,0.127188,0.126560"
A_Case_of_Two_Cities_3437,"0.132653,0.118235,0.125636,0.119223,0.122504,0.129307,0.121977,0.130465"
A_Case_of_Two_Cities_3443,"0.111641,0.119504,0.145374,0.126302,0.123536,0.129136,0.130716,0.113790"
A_Case_of_Two_Cities_3444,"0.147306,0.105513,0.119171,0.113572,0.129165,0.133591,0.109369,0.142312"
A_Case_of_Two_Cities_3456,"0.129910,0.119729,0.126824,0.119507,0.124077,0.127482,0.123758,0.128713"
A_Case_of_Two_Cities_3460,"0.126599,0.120751,0.119845,0.119733,0.125022,0.134995,0.122477,0.130579"
A_Case_of_Two_Cities_3469,"0.129284,0.120830,0.124286,0.121796,0.123557,0.126719,0.125539,0.127989"
A_Case_of_Two_Cities_3471,"0.135582,0.118884,0.130323,0.116591,0.123670,0.126062,0.120591,0.128297"
A_Case_of_Two_Cities_348,"0.128145,0.120962,0.131276,0.113256,0.133751,0.132284,0.119563,0.120763"
A_Case_of_Two_Cities_3480,"0.123193,0.120435,0.133944,0.115002,0.121571,0.129572,0.131557,0.124725"
A_Case_of_Two_Cities_349,"0.120799,0.126593,0.131848,0.125463,0.119589,0.128294,0.126608,0.120806"
A_Case_of_Two_Cities_350,"0.129507,0.111045,0.133352,0.113538,0.125968,0.131768,0.123609,0.131214"
A_Case_of_Two_Cities_3504,"0.129956,0.122843,0.123899,0.118732,0.119697,0.134480,0.117880,0.132513"
A_Case_of_Two_Cities_351,"0.131242,0.111955,0.135613,0.113555,0.126359,0.132161,0.121854,0.127261"
A_Case_of_Two_Cities_352,"0.126569,0.121630,0.131530,0.120709,0.124703,0.131454,0.125555,0.117850"
A_Case_of_Two_Cities_353,"0.130692,0.121331,0.123320,0.122991,0.117852,0.132767,0.122225,0.128821"
A_Case_of_Two_Cities_3549,"0.125214,0.123563,0.127495,0.117773,0.122685,0.126621,0.127602,0.129047"
A_Case_of_Two_Cities_3552,"0.142502,0.114078,0.109237,0.120778,0.124135,0.146040,0.117262,0.125969"
A_Case_of_Two_Cities_356,"0.110506,0.135681,0.130599,0.118979,0.120939,0.128052,0.136996,0.118248"
A_Case_of_Two_Cities_3562,"0.124501,0.119888,0.131820,0.117606,0.123194,0.132022,0.122104,0.128865"
A_Case_of_Two_Cities_3567,"0.125240,0.120625,0.132470,0.122114,0.125177,0.125709,0.126688,0.121978"
A_Case_of_Two_Cities_3569,"0.126484,0.124808,0.124466,0.124727,0.122643,0.126919,0.125499,0.124454"
A_Case_of_Two_Cities_3571,"0.121757,0.128185,0.131413,0.123985,0.123637,0.128351,0.129368,0.113303"
A_Case_of_Two_Cities_3573,"0.115518,0.125583,0.133671,0.122868,0.122800,0.130761,0.126175,0.122625"
A_Case_of_Two_Cities_358,"0.128598,0.116694,0.133450,0.118866,0.123574,0.131798,0.124695,0.122325"
A_Case_of_Two_Cities_3589,"0.122542,0.122581,0.129711,0.126127,0.120512,0.124255,0.129179,0.125095"
A_Case_of_Two_Cities_359,"0.158268,0.102858,0.127598,0.109348,0.113230,0.135411,0.113750,0.139538"
A_Case_of_Two_Cities_3590,"0.116749,0.132265,0.131592,0.119835,0.121801,0.125155,0.135280,0.117323"
A_Case_of_Two_Cities_3594,"0.127587,0.123463,0.124360,0.123069,0.124726,0.130329,0.119524,0.126942"
A_Case_of_Two_Cities_3618,"0.137219,0.116130,0.126757,0.116212,0.126257,0.125977,0.119778,0.131670"
A_Case_of_Two_Cities_3619,"0.127515,0.119958,0.126031,0.119803,0.124814,0.127009,0.127137,0.127732"
A_Case_of_Two_Cities_362,"0.130606,0.120009,0.126827,0.122520,0.124148,0.129160,0.122362,0.124369"
A_Case_of_Two_Cities_3628,"0.132007,0.116105,0.130184,0.125758,0.124819,0.130337,0.119786,0.121004"
A_Case_of_Two_Cities_3636,"0.131573,0.126119,0.125870,0.120448,0.125833,0.131444,0.120289,0.118425"
A_Case_of_Two_Cities_3646,"0.142041,0.093515,0.122174,0.111439,0.127698,0.147986,0.114092,0.141054"
A_Case_of_Two_Cities_3648,"0.199184,0.067220,0.128708,0.087990,0.103221,0.149213,0.097052,0.167411"
A_Case_of_Two_Cities_365,"0.124257,0.125828,0.127556,0.126109,0.120783,0.128273,0.126979,0.120214"
A_Case_of_Two_Cities_3659,"0.113176,0.134180,0.129191,0.129141,0.125872,0.122102,0.133168,0.113169"
A_Case_of_Two_Cities_3669,"0.126084,0.121412,0.126405,0.121459,0.124848,0.128934,0.125770,0.125088"
A_Case_of_Two_Cities_367,"0.132653,0.118235,0.125636,0.119223,0.122504,0.129307,0.121977,0.130465"
A_Case_of_Two_Cities_3670,"0.131573,0.126119,0.125870,0.120448,0.125833,0.131444,0.120289,0.118425"
A_Case_of_Two_Cities_3682,"0.119344,0.128173,0.131407,0.122716,0.123951,0.127273,0.129855,0.117281"
A_Case_of_Two_Cities_3683,"0.131573,0.126119,0.125870,0.120448,0.125833,0.131444,0.120289,0.118425"
A_Case_of_Two_Cities_3701,"0.155542,0.106890,0.113704,0.117568,0.114977,0.134577,0.114601,0.142142"
A_Case_of_Two_Cities_3706,"0.127399,0.121338,0.125169,0.122573,0.125702,0.131850,0.121440,0.124529"
A_Case_of_Two_Cities_3721,"0.124950,0.125694,0.125007,0.124634,0.121658,0.127480,0.127134,0.123442"
A_Case_of_Two_Cities_3726,"0.120809,0.124116,0.130438,0.121766,0.125718,0.133585,0.123721,0.119848"
A_Case_of_Two_Cities_373,"0.115451,0.128497,0.134976,0.120109,0.130911,0.129529,0.126910,0.113618"
A_Case_of_Two_Cities_374,"0.121397,0.126095,0.128294,0.124755,0.128781,0.127124,0.124505,0.119051"
A_Case_of_Two_Cities_3741,"0.135582,0.118884,0.130323,0.116591,0.123670,0.126062,0.120591,0.128297"
A_Case_of_Two_Cities_3745,"0.128236,0.101717,0.159262,0.104508,0.123179,0.140320,0.123039,0.119740"
A_Case_of_Two_Cities_3746,"0.133142,0.112524,0.125681,0.115614,0.118318,0.137585,0.122555,0.134581"
A_Case_of_Two_Cities_377,"0.121407,0.124152,0.122304,0.121574,0.124108,0.132904,0.125884,0.127666"
A_Case_of_Two_Cities_3788,"0.134378,0.120027,0.127219,0.118721,0.125556,0.126252,0.120070,0.127776"
A_Case_of_Two_Cities_380,"0.131242,0.111955,0.135613,0.113555,0.126359,0.132161,0.121854,0.127261"
A_Case_of_Two_Cities_3804,"0.124830,0.124748,0.127958,0.126215,0.120654,0.131412,0.123502,0.120681"
A_Case_of_Two_Cities_3836,"0.125334,0.121683,0.127867,0.122635,0.125336,0.129311,0.123928,0.123907"
A_Case_of_Two_Cities_3855,"0.134513,0.115630,0.132459,0.111907,0.119377,0.128133,0.123308,0.134673"
