Character id,Persona Prob Vec
A_Case_of_Two_Cities_0,"0.162620,0.180942,0.162202,0.157888,0.168901,0.167447"
A_Case_of_Two_Cities_1,"0.163514,0.179440,0.160022,0.167212,0.166037,0.163775"
A_Case_of_Two_Cities_1001,"0.171797,0.153577,0.166799,0.176603,0.164719,0.166506"
A_Case_of_Two_Cities_1003,"0.167486,0.160127,0.168860,0.171235,0.168645,0.163647"
A_Case_of_Two_Cities_1018,"0.192318,0.127998,0.172878,0.187341,0.161348,0.158117"
A_Case_of_Two_Cities_1021,"0.171492,0.165520,0.160129,0.183101,0.165219,0.154538"
A_Case_of_Two_Cities_1030,"0.146451,0.201352,0.146933,0.157932,0.175151,0.172182"
A_Case_of_Two_Cities_1061,"0.157094,0.189373,0.156053,0.165440,0.165781,0.166258"
A_Case_of_Two_Cities_1062,"0.161192,0.188815,0.154567,0.159808,0.169300,0.166318"
A_Case_of_Two_Cities_1077,"0.167146,0.189902,0.148739,0.168969,0.162097,0.163146"
A_Case_of_Two_Cities_1079,"0.157059,0.174303,0.153155,0.167189,0.178504,0.169790"
A_Case_of_Two_Cities_1081,"0.163444,0.184394,0.158809,0.161980,0.164200,0.167174"
A_Case_of_Two_Cities_1083,"0.167554,0.168343,0.163791,0.165791,0.169614,0.164908"
A_Case_of_Two_Cities_1084,"0.162124,0.199624,0.146783,0.163941,0.163600,0.163928"
A_Case_of_Two_Cities_1108,"0.164525,0.174738,0.161269,0.163046,0.168096,0.168325"
A_Case_of_Two_Cities_1111,"0.150403,0.226679,0.141561,0.147683,0.166879,0.166794"
A_Case_of_Two_Cities_1125,"0.180953,0.117916,0.174245,0.205416,0.171852,0.149618"
A_Case_of_Two_Cities_1132,"0.178836,0.139571,0.171772,0.195897,0.159221,0.154703"
A_Case_of_Two_Cities_1141,"0.168045,0.188536,0.143868,0.173010,0.167919,0.158623"
A_Case_of_Two_Cities_1148,"0.165330,0.167084,0.163896,0.168545,0.167884,0.167262"
A_Case_of_Two_Cities_1155,"0.174762,0.168524,0.156406,0.185904,0.157703,0.156700"
A_Case_of_Two_Cities_1166,"0.175977,0.165827,0.163823,0.173976,0.159857,0.160541"
A_Case_of_Two_Cities_1178,"0.180415,0.186121,0.142741,0.175385,0.154276,0.161062"
A_Case_of_Two_Cities_1182,"0.148929,0.212566,0.143639,0.160349,0.168826,0.165691"
A_Case_of_Two_Cities_1184,"0.168714,0.173567,0.163504,0.162879,0.167983,0.163354"
A_Case_of_Two_Cities_1196,"0.166030,0.186386,0.156122,0.163785,0.166222,0.161455"
A_Case_of_Two_Cities_1198,"0.166926,0.181506,0.157180,0.162029,0.167251,0.165107"
A_Case_of_Two_Cities_1215,"0.162124,0.199624,0.146783,0.163941,0.163600,0.163928"
A_Case_of_Two_Cities_1220,"0.166358,0.161189,0.159276,0.179517,0.169350,0.164309"
A_Case_of_Two_Cities_1222,"0.183010,0.144670,0.166672,0.183502,0.166070,0.156075"
A_Case_of_Two_Cities_123,"0.166091,0.189697,0.151898,0.164407,0.164339,0.163567"
A_Case_of_Two_Cities_1235,"0.158293,0.160479,0.165573,0.169540,0.173995,0.172120"
A_Case_of_Two_Cities_1237,"0.138041,0.407285,0.080085,0.101040,0.132517,0.141033"
A_Case_of_Two_Cities_1252,"0.180519,0.135401,0.156734,0.192831,0.164356,0.170158"
A_Case_of_Two_Cities_1257,"0.164039,0.178860,0.158452,0.166211,0.167279,0.165160"
A_Case_of_Two_Cities_1267,"0.163364,0.180463,0.155921,0.165922,0.168942,0.165387"
A_Case_of_Two_Cities_1274,"0.184119,0.141518,0.161610,0.186553,0.164582,0.161618"
A_Case_of_Two_Cities_1275,"0.149381,0.237145,0.132735,0.147749,0.168769,0.164222"
A_Case_of_Two_Cities_1306,"0.161888,0.192592,0.142971,0.170030,0.166136,0.166384"
A_Case_of_Two_Cities_1315,"0.156473,0.177700,0.159312,0.170791,0.169836,0.165888"
A_Case_of_Two_Cities_1336,"0.161281,0.195424,0.147380,0.162070,0.166817,0.167028"
A_Case_of_Two_Cities_1373,"0.157306,0.196044,0.152695,0.161854,0.166860,0.165241"
A_Case_of_Two_Cities_1381,"0.175311,0.148836,0.172800,0.181358,0.160657,0.161038"
A_Case_of_Two_Cities_1390,"0.164493,0.215012,0.138025,0.163678,0.168136,0.150656"
A_Case_of_Two_Cities_142,"0.158313,0.161119,0.164902,0.181391,0.173998,0.160277"
A_Case_of_Two_Cities_1422,"0.172933,0.163438,0.164200,0.171863,0.165161,0.162405"
A_Case_of_Two_Cities_1434,"0.157094,0.189373,0.156053,0.165440,0.165781,0.166258"
A_Case_of_Two_Cities_1436,"0.161499,0.186901,0.153719,0.164453,0.175762,0.157666"
A_Case_of_Two_Cities_1455,"0.175542,0.146470,0.172826,0.185426,0.161950,0.157787"
A_Case_of_Two_Cities_1456,"0.163071,0.196073,0.150895,0.158577,0.167113,0.164271"
A_Case_of_Two_Cities_1460,"0.169164,0.175550,0.159479,0.165363,0.165842,0.164602"
A_Case_of_Two_Cities_1462,"0.169004,0.175902,0.161579,0.166950,0.165646,0.160919"
A_Case_of_Two_Cities_1465,"0.144897,0.217497,0.140429,0.154466,0.173019,0.169693"
A_Case_of_Two_Cities_1466,"0.162319,0.182659,0.156399,0.164204,0.169780,0.164638"
A_Case_of_Two_Cities_1469,"0.163754,0.183976,0.157010,0.162046,0.166198,0.167016"
A_Case_of_Two_Cities_1496,"0.170856,0.208427,0.139924,0.155136,0.162994,0.162662"
A_Case_of_Two_Cities_1528,"0.176538,0.180105,0.153742,0.173063,0.159289,0.157264"
A_Case_of_Two_Cities_1542,"0.147910,0.231151,0.137405,0.144972,0.171645,0.166916"
A_Case_of_Two_Cities_1552,"0.177506,0.163079,0.160373,0.181785,0.161118,0.156138"
A_Case_of_Two_Cities_1578,"0.176447,0.169633,0.156535,0.175581,0.160170,0.161634"
A_Case_of_Two_Cities_1580,"0.167892,0.179998,0.155531,0.164668,0.167060,0.164850"
A_Case_of_Two_Cities_1585,"0.169608,0.183372,0.158095,0.167493,0.156788,0.164645"
A_Case_of_Two_Cities_1587,"0.166639,0.197042,0.146589,0.162144,0.161408,0.166179"
A_Case_of_Two_Cities_1593,"0.154893,0.199962,0.148158,0.162607,0.166772,0.167608"
A_Case_of_Two_Cities_1612,"0.178339,0.148323,0.170336,0.186653,0.160054,0.156295"
A_Case_of_Two_Cities_1639,"0.158092,0.199771,0.143262,0.161575,0.170418,0.166882"
A_Case_of_Two_Cities_1644,"0.167103,0.175481,0.159075,0.170945,0.167263,0.160132"
A_Case_of_Two_Cities_1653,"0.172329,0.168766,0.164137,0.167833,0.164155,0.162780"
A_Case_of_Two_Cities_1654,"0.158226,0.199595,0.149625,0.154613,0.170177,0.167763"
A_Case_of_Two_Cities_1656,"0.169778,0.166616,0.163899,0.175148,0.162229,0.162331"
A_Case_of_Two_Cities_1672,"0.152685,0.221215,0.146019,0.155871,0.164095,0.160114"
A_Case_of_Two_Cities_1674,"0.165176,0.188489,0.151837,0.166181,0.165908,0.162410"
A_Case_of_Two_Cities_1679,"0.169774,0.168227,0.164869,0.170295,0.167652,0.159184"
A_Case_of_Two_Cities_1684,"0.162124,0.199624,0.146783,0.163941,0.163600,0.163928"
A_Case_of_Two_Cities_1698,"0.164984,0.171877,0.163838,0.164957,0.168442,0.165903"
A_Case_of_Two_Cities_1704,"0.169345,0.164943,0.164105,0.172293,0.169274,0.160040"
A_Case_of_Two_Cities_1737,"0.164591,0.199420,0.150654,0.156910,0.165444,0.162980"
A_Case_of_Two_Cities_1738,"0.166590,0.186585,0.153314,0.163954,0.166776,0.162783"
A_Case_of_Two_Cities_1749,"0.163364,0.180463,0.155921,0.165922,0.168942,0.165387"
A_Case_of_Two_Cities_1777,"0.169532,0.186423,0.147047,0.171242,0.165294,0.160462"
A_Case_of_Two_Cities_179,"0.166081,0.170371,0.165124,0.162988,0.169209,0.166227"
A_Case_of_Two_Cities_1794,"0.178905,0.156214,0.164924,0.187896,0.155306,0.156755"
A_Case_of_Two_Cities_1804,"0.176538,0.180105,0.153742,0.173063,0.159289,0.157264"
A_Case_of_Two_Cities_181,"0.161477,0.172889,0.162845,0.161882,0.170841,0.170066"
A_Case_of_Two_Cities_1811,"0.171419,0.168417,0.162665,0.168526,0.166065,0.162908"
A_Case_of_Two_Cities_1812,"0.168075,0.160716,0.166073,0.171829,0.168192,0.165114"
A_Case_of_Two_Cities_182,"0.154672,0.247627,0.134467,0.147848,0.157000,0.158387"
A_Case_of_Two_Cities_1820,"0.175105,0.152637,0.168848,0.174719,0.164812,0.163880"
A_Case_of_Two_Cities_183,"0.171603,0.164042,0.163881,0.176978,0.165519,0.157976"
A_Case_of_Two_Cities_184,"0.177882,0.153005,0.169317,0.182670,0.157478,0.159648"
A_Case_of_Two_Cities_186,"0.167582,0.155753,0.172661,0.169610,0.168586,0.165808"
A_Case_of_Two_Cities_1882,"0.168237,0.159693,0.166190,0.177188,0.163632,0.165059"
A_Case_of_Two_Cities_1884,"0.159768,0.213089,0.139280,0.152147,0.167013,0.168704"
A_Case_of_Two_Cities_189,"0.171753,0.178311,0.151177,0.168284,0.167054,0.163419"
A_Case_of_Two_Cities_1893,"0.163366,0.192458,0.165529,0.166889,0.155633,0.156125"
A_Case_of_Two_Cities_1894,"0.162372,0.188469,0.159727,0.163549,0.159904,0.165978"
A_Case_of_Two_Cities_1906,"0.170858,0.158835,0.168351,0.177927,0.161442,0.162587"
A_Case_of_Two_Cities_191,"0.164557,0.163662,0.169053,0.166187,0.171331,0.165209"
A_Case_of_Two_Cities_192,"0.169034,0.165642,0.165069,0.172385,0.164000,0.163870"
A_Case_of_Two_Cities_194,"0.178344,0.145139,0.172580,0.184864,0.161881,0.157191"
A_Case_of_Two_Cities_1944,"0.164794,0.192699,0.148353,0.165962,0.164169,0.164022"
A_Case_of_Two_Cities_195,"0.169635,0.165987,0.158318,0.171886,0.168984,0.165190"
A_Case_of_Two_Cities_1952,"0.176271,0.134587,0.173459,0.190449,0.166715,0.158520"
A_Case_of_Two_Cities_1972,"0.175275,0.142704,0.166388,0.190580,0.167835,0.157218"
A_Case_of_Two_Cities_198,"0.167841,0.166173,0.166402,0.165294,0.168862,0.165428"
A_Case_of_Two_Cities_199,"0.171243,0.157787,0.171351,0.172650,0.165436,0.161534"
A_Case_of_Two_Cities_1998,"0.171444,0.160939,0.166733,0.168926,0.169287,0.162670"
A_Case_of_Two_Cities_200,"0.170774,0.169033,0.162963,0.168543,0.165377,0.163310"
A_Case_of_Two_Cities_2001,"0.176593,0.176671,0.159744,0.170216,0.158915,0.157861"
A_Case_of_Two_Cities_2009,"0.177020,0.161244,0.162601,0.178635,0.161824,0.158676"
A_Case_of_Two_Cities_201,"0.167252,0.170648,0.156561,0.169388,0.168229,0.167921"
A_Case_of_Two_Cities_203,"0.173592,0.167818,0.163741,0.168345,0.164924,0.161580"
A_Case_of_Two_Cities_207,"0.173574,0.155510,0.161957,0.188369,0.162479,0.158111"
A_Case_of_Two_Cities_2078,"0.162124,0.199624,0.146783,0.163941,0.163600,0.163928"
A_Case_of_Two_Cities_2099,"0.178096,0.147882,0.167689,0.179853,0.165991,0.160488"
A_Case_of_Two_Cities_210,"0.163227,0.180684,0.159527,0.177387,0.162050,0.157126"
A_Case_of_Two_Cities_2103,"0.165335,0.189984,0.151603,0.162342,0.166960,0.163776"
A_Case_of_Two_Cities_211,"0.171065,0.161611,0.167875,0.168755,0.167809,0.162886"
A_Case_of_Two_Cities_212,"0.170077,0.179305,0.159000,0.169097,0.162082,0.160439"
A_Case_of_Two_Cities_2146,"0.178524,0.152476,0.161672,0.181411,0.163127,0.162791"
A_Case_of_Two_Cities_2148,"0.127667,0.316734,0.115698,0.135209,0.151467,0.153225"
A_Case_of_Two_Cities_2151,"0.155123,0.212360,0.142249,0.153712,0.168352,0.168204"
A_Case_of_Two_Cities_2152,"0.159764,0.200265,0.147817,0.160081,0.167172,0.164902"
A_Case_of_Two_Cities_2153,"0.183700,0.111623,0.176053,0.212939,0.160134,0.155551"
A_Case_of_Two_Cities_2158,"0.166120,0.164092,0.169363,0.166383,0.169235,0.164806"
A_Case_of_Two_Cities_216,"0.166958,0.170727,0.164291,0.163702,0.168790,0.165532"
A_Case_of_Two_Cities_2161,"0.162597,0.203674,0.151425,0.154521,0.163452,0.164329"
A_Case_of_Two_Cities_2166,"0.166333,0.188892,0.154248,0.162180,0.165430,0.162916"
A_Case_of_Two_Cities_2167,"0.174083,0.149897,0.168744,0.183786,0.165194,0.158295"
A_Case_of_Two_Cities_217,"0.175564,0.178546,0.154146,0.168892,0.164755,0.158097"
A_Case_of_Two_Cities_2174,"0.174562,0.164935,0.159612,0.178434,0.163373,0.159084"
A_Case_of_Two_Cities_2179,"0.164930,0.196343,0.154041,0.154336,0.167195,0.163155"
A_Case_of_Two_Cities_2183,"0.161012,0.166008,0.155762,0.173103,0.173813,0.170302"
A_Case_of_Two_Cities_2189,"0.167120,0.195333,0.153581,0.157992,0.165937,0.160038"
A_Case_of_Two_Cities_219,"0.164810,0.180121,0.160556,0.159006,0.169274,0.166233"
A_Case_of_Two_Cities_2190,"0.158753,0.209969,0.144285,0.156348,0.165314,0.165331"
A_Case_of_Two_Cities_2191,"0.168891,0.181845,0.151617,0.170603,0.168673,0.158371"
A_Case_of_Two_Cities_2196,"0.161081,0.176069,0.159046,0.163602,0.170507,0.169695"
A_Case_of_Two_Cities_220,"0.168340,0.174364,0.156955,0.172363,0.163007,0.164970"
A_Case_of_Two_Cities_221,"0.166443,0.186562,0.157401,0.161360,0.162876,0.165358"
A_Case_of_Two_Cities_2219,"0.171756,0.154021,0.163379,0.200500,0.161580,0.148764"
A_Case_of_Two_Cities_222,"0.143607,0.223669,0.120882,0.155811,0.184452,0.171579"
A_Case_of_Two_Cities_224,"0.176538,0.180105,0.153742,0.173063,0.159289,0.157264"
A_Case_of_Two_Cities_2247,"0.124684,0.319022,0.099282,0.115942,0.166846,0.174225"
A_Case_of_Two_Cities_226,"0.166506,0.167774,0.160561,0.170355,0.167973,0.166831"
A_Case_of_Two_Cities_2264,"0.167120,0.195333,0.153581,0.157992,0.165937,0.160038"
A_Case_of_Two_Cities_227,"0.168165,0.182636,0.159237,0.162240,0.163480,0.164243"
A_Case_of_Two_Cities_228,"0.170724,0.159781,0.168248,0.168076,0.168390,0.164781"
A_Case_of_Two_Cities_229,"0.165708,0.184285,0.153712,0.170152,0.168587,0.157557"
A_Case_of_Two_Cities_2300,"0.167830,0.163866,0.163817,0.169213,0.172143,0.163130"
A_Case_of_Two_Cities_2306,"0.168551,0.165457,0.163658,0.169743,0.166715,0.165876"
A_Case_of_Two_Cities_231,"0.168138,0.169366,0.162153,0.167372,0.167114,0.165856"
A_Case_of_Two_Cities_2310,"0.157968,0.215098,0.141705,0.154702,0.164714,0.165813"
A_Case_of_Two_Cities_2313,"0.179393,0.204589,0.132381,0.178055,0.166702,0.138880"
A_Case_of_Two_Cities_2315,"0.162161,0.168951,0.155800,0.177004,0.171616,0.164467"
A_Case_of_Two_Cities_2318,"0.168207,0.173169,0.151969,0.172901,0.165887,0.167867"
A_Case_of_Two_Cities_232,"0.163558,0.174234,0.164656,0.161912,0.168774,0.166865"
A_Case_of_Two_Cities_233,"0.172852,0.167013,0.156348,0.180822,0.165174,0.157790"
A_Case_of_Two_Cities_234,"0.169760,0.166797,0.166486,0.165317,0.167782,0.163858"
A_Case_of_Two_Cities_2348,"0.164485,0.163219,0.163632,0.179037,0.170762,0.158865"
A_Case_of_Two_Cities_2350,"0.170205,0.193645,0.152463,0.159529,0.165783,0.158375"
A_Case_of_Two_Cities_2352,"0.157968,0.215098,0.141705,0.154702,0.164714,0.165813"
A_Case_of_Two_Cities_2353,"0.159429,0.149611,0.170126,0.187646,0.177217,0.155970"
A_Case_of_Two_Cities_236,"0.174329,0.168206,0.164953,0.169043,0.163053,0.160415"
A_Case_of_Two_Cities_2360,"0.173156,0.176431,0.159407,0.165632,0.163267,0.162108"
A_Case_of_Two_Cities_2369,"0.168207,0.173169,0.151969,0.172901,0.165887,0.167867"
A_Case_of_Two_Cities_237,"0.173107,0.160570,0.169186,0.172997,0.163050,0.161091"
A_Case_of_Two_Cities_2377,"0.177357,0.143288,0.172212,0.185578,0.165363,0.156202"
A_Case_of_Two_Cities_2379,"0.165222,0.184595,0.147408,0.179670,0.166092,0.157013"
A_Case_of_Two_Cities_2393,"0.162124,0.199624,0.146783,0.163941,0.163600,0.163928"
A_Case_of_Two_Cities_240,"0.163125,0.185157,0.153648,0.167247,0.169960,0.160863"
A_Case_of_Two_Cities_2407,"0.186239,0.250724,0.110641,0.143552,0.142943,0.165902"
A_Case_of_Two_Cities_241,"0.162923,0.241206,0.134413,0.144666,0.161917,0.154876"
A_Case_of_Two_Cities_2414,"0.171183,0.174215,0.156381,0.173686,0.166555,0.157980"
A_Case_of_Two_Cities_242,"0.146451,0.201352,0.146933,0.157932,0.175151,0.172182"
A_Case_of_Two_Cities_243,"0.169656,0.162139,0.169720,0.171265,0.164231,0.162989"
A_Case_of_Two_Cities_2436,"0.155838,0.199470,0.149135,0.159417,0.167688,0.168452"
A_Case_of_Two_Cities_244,"0.171835,0.151243,0.176445,0.175569,0.165075,0.159834"
A_Case_of_Two_Cities_2444,"0.162213,0.188213,0.151441,0.162457,0.172562,0.163115"
A_Case_of_Two_Cities_2448,"0.170984,0.170252,0.158898,0.175925,0.161573,0.162369"
A_Case_of_Two_Cities_2449,"0.165389,0.184464,0.152768,0.166232,0.165809,0.165337"
A_Case_of_Two_Cities_245,"0.164804,0.157295,0.168072,0.180742,0.172978,0.156109"
A_Case_of_Two_Cities_246,"0.164479,0.199226,0.142078,0.168221,0.164303,0.161692"
A_Case_of_Two_Cities_2461,"0.161654,0.173105,0.160086,0.168557,0.169709,0.166888"
A_Case_of_Two_Cities_247,"0.168766,0.156660,0.173308,0.169399,0.167866,0.164001"
A_Case_of_Two_Cities_2474,"0.159919,0.205852,0.147694,0.157975,0.161959,0.166601"
A_Case_of_Two_Cities_2477,"0.175052,0.158752,0.161571,0.179695,0.165144,0.159787"
A_Case_of_Two_Cities_2478,"0.167120,0.195333,0.153581,0.157992,0.165937,0.160038"
A_Case_of_Two_Cities_2482,"0.158938,0.196745,0.147676,0.158517,0.169258,0.168866"
A_Case_of_Two_Cities_2490,"0.156457,0.193977,0.152765,0.154632,0.169227,0.172942"
A_Case_of_Two_Cities_2496,"0.177435,0.151454,0.166691,0.182064,0.161591,0.160765"
A_Case_of_Two_Cities_2503,"0.158596,0.201394,0.154546,0.158717,0.159753,0.166994"
A_Case_of_Two_Cities_251,"0.171346,0.179262,0.156479,0.166776,0.163688,0.162449"
A_Case_of_Two_Cities_2524,"0.161968,0.174530,0.159656,0.168044,0.173575,0.162227"
A_Case_of_Two_Cities_2526,"0.160902,0.189540,0.150866,0.166532,0.166431,0.165729"
A_Case_of_Two_Cities_2527,"0.170984,0.166680,0.165340,0.173613,0.163115,0.160267"
A_Case_of_Two_Cities_253,"0.163399,0.178593,0.159078,0.161491,0.170241,0.167197"
A_Case_of_Two_Cities_2531,"0.176519,0.150027,0.162945,0.184067,0.168052,0.158391"
A_Case_of_Two_Cities_2536,"0.171183,0.174215,0.156381,0.173686,0.166555,0.157980"
A_Case_of_Two_Cities_254,"0.167760,0.184625,0.160456,0.162107,0.161632,0.163420"
A_Case_of_Two_Cities_255,"0.159832,0.181566,0.160652,0.164587,0.166760,0.166602"
A_Case_of_Two_Cities_2550,"0.157640,0.188356,0.155955,0.162154,0.167222,0.168672"
A_Case_of_Two_Cities_2551,"0.162124,0.199624,0.146783,0.163941,0.163600,0.163928"
A_Case_of_Two_Cities_256,"0.173590,0.182630,0.139666,0.172633,0.163526,0.167955"
A_Case_of_Two_Cities_2562,"0.168039,0.175290,0.158044,0.165470,0.167317,0.165840"
A_Case_of_Two_Cities_2567,"0.168960,0.186649,0.151672,0.167597,0.162650,0.162472"
A_Case_of_Two_Cities_2568,"0.162124,0.199624,0.146783,0.163941,0.163600,0.163928"
A_Case_of_Two_Cities_2586,"0.170123,0.193287,0.149066,0.174065,0.160003,0.153454"
A_Case_of_Two_Cities_2589,"0.164794,0.192699,0.148353,0.165962,0.164169,0.164022"
A_Case_of_Two_Cities_259,"0.170131,0.155109,0.165879,0.180383,0.171416,0.157082"
A_Case_of_Two_Cities_2592,"0.171526,0.174560,0.164353,0.168758,0.157752,0.163050"
A_Case_of_Two_Cities_260,"0.167252,0.170648,0.156561,0.169388,0.168229,0.167921"
A_Case_of_Two_Cities_2613,"0.159139,0.188170,0.156864,0.164938,0.167051,0.163837"
A_Case_of_Two_Cities_2620,"0.170283,0.173993,0.160711,0.170336,0.162712,0.161965"
A_Case_of_Two_Cities_2623,"0.173265,0.168847,0.165196,0.174241,0.160076,0.158374"
A_Case_of_Two_Cities_2625,"0.186622,0.142954,0.170663,0.185647,0.161418,0.152695"
A_Case_of_Two_Cities_2627,"0.184033,0.156762,0.160646,0.176586,0.165661,0.156311"
A_Case_of_Two_Cities_2631,"0.173139,0.173592,0.154285,0.182050,0.164769,0.152165"
A_Case_of_Two_Cities_2636,"0.167125,0.165243,0.163624,0.177152,0.163382,0.163474"
A_Case_of_Two_Cities_264,"0.167442,0.176427,0.161198,0.164683,0.164262,0.165988"
A_Case_of_Two_Cities_2645,"0.167613,0.180460,0.154312,0.168061,0.167378,0.162174"
A_Case_of_Two_Cities_2646,"0.163641,0.181827,0.158022,0.172963,0.162027,0.161519"
A_Case_of_Two_Cities_265,"0.171430,0.160744,0.168940,0.171553,0.168025,0.159309"
A_Case_of_Two_Cities_2653,"0.152390,0.219624,0.130288,0.171909,0.168966,0.156822"
A_Case_of_Two_Cities_2657,"0.164836,0.180497,0.153506,0.168873,0.168898,0.163391"
A_Case_of_Two_Cities_266,"0.166371,0.174799,0.161508,0.164926,0.168674,0.163721"
A_Case_of_Two_Cities_2660,"0.162124,0.199624,0.146783,0.163941,0.163600,0.163928"
A_Case_of_Two_Cities_2662,"0.163453,0.179257,0.157271,0.162697,0.168559,0.168763"
A_Case_of_Two_Cities_2670,"0.167761,0.177539,0.158806,0.173083,0.156009,0.166801"
A_Case_of_Two_Cities_268,"0.166677,0.189959,0.150971,0.173816,0.159348,0.159229"
A_Case_of_Two_Cities_2684,"0.169417,0.169759,0.157597,0.173021,0.168353,0.161853"
A_Case_of_Two_Cities_269,"0.168919,0.166139,0.164919,0.168511,0.167751,0.163760"
A_Case_of_Two_Cities_2695,"0.166184,0.181494,0.157290,0.161854,0.165558,0.167620"
A_Case_of_Two_Cities_270,"0.173025,0.169495,0.161828,0.171986,0.163380,0.160287"
A_Case_of_Two_Cities_2704,"0.166838,0.188514,0.154963,0.166182,0.159073,0.164431"
A_Case_of_Two_Cities_271,"0.166741,0.166341,0.165415,0.162948,0.170981,0.167573"
A_Case_of_Two_Cities_272,"0.172056,0.155699,0.176047,0.176091,0.164921,0.155187"
A_Case_of_Two_Cities_2742,"0.168730,0.157597,0.166439,0.178586,0.166586,0.162062"
A_Case_of_Two_Cities_2748,"0.151290,0.213333,0.135801,0.145869,0.173028,0.180678"
A_Case_of_Two_Cities_276,"0.179285,0.152360,0.167164,0.180068,0.164336,0.156788"
A_Case_of_Two_Cities_2778,"0.160047,0.198530,0.151118,0.157048,0.164064,0.169193"
A_Case_of_Two_Cities_278,"0.164856,0.184701,0.153935,0.167606,0.165308,0.163594"
A_Case_of_Two_Cities_2786,"0.155123,0.212360,0.142249,0.153712,0.168352,0.168204"
A_Case_of_Two_Cities_2793,"0.162708,0.188694,0.152046,0.164646,0.162871,0.169035"
A_Case_of_Two_Cities_2803,"0.159691,0.174790,0.159002,0.174296,0.167839,0.164382"
A_Case_of_Two_Cities_2824,"0.155895,0.187263,0.156813,0.166195,0.169162,0.164673"
A_Case_of_Two_Cities_283,"0.170945,0.171711,0.160894,0.168312,0.166175,0.161963"
A_Case_of_Two_Cities_284,"0.175343,0.162393,0.165246,0.171582,0.163953,0.161483"
A_Case_of_Two_Cities_2841,"0.168187,0.162554,0.161414,0.173153,0.167258,0.167434"
A_Case_of_Two_Cities_285,"0.167172,0.176331,0.162503,0.164953,0.165680,0.163361"
A_Case_of_Two_Cities_2866,"0.175573,0.141656,0.170160,0.191817,0.162279,0.158516"
A_Case_of_Two_Cities_287,"0.137511,0.248695,0.119009,0.139865,0.175748,0.179173"
A_Case_of_Two_Cities_2876,"0.167120,0.195333,0.153581,0.157992,0.165937,0.160038"
A_Case_of_Two_Cities_2883,"0.166022,0.170667,0.158168,0.174511,0.166499,0.164133"
A_Case_of_Two_Cities_2884,"0.166358,0.161189,0.159276,0.179517,0.169350,0.164309"
A_Case_of_Two_Cities_2897,"0.156268,0.227701,0.141574,0.150400,0.160030,0.164027"
A_Case_of_Two_Cities_2899,"0.160687,0.182554,0.150047,0.181768,0.175404,0.149541"
A_Case_of_Two_Cities_2904,"0.154622,0.221589,0.140205,0.151500,0.166579,0.165505"
A_Case_of_Two_Cities_2906,"0.159520,0.174291,0.160579,0.162633,0.172463,0.170513"
A_Case_of_Two_Cities_2909,"0.175501,0.160874,0.163746,0.179444,0.158814,0.161621"
A_Case_of_Two_Cities_2915,"0.164420,0.190901,0.156469,0.163994,0.160780,0.163436"
A_Case_of_Two_Cities_2923,"0.164695,0.178816,0.157238,0.169032,0.168136,0.162082"
A_Case_of_Two_Cities_2926,"0.177003,0.191113,0.146642,0.166870,0.164652,0.153721"
A_Case_of_Two_Cities_2929,"0.167636,0.177845,0.153828,0.172272,0.164849,0.163569"
A_Case_of_Two_Cities_293,"0.167402,0.170733,0.161574,0.167995,0.166763,0.165533"
A_Case_of_Two_Cities_2931,"0.158365,0.200681,0.154805,0.154754,0.164450,0.166944"
A_Case_of_Two_Cities_294,"0.169587,0.168116,0.165237,0.169877,0.165203,0.161979"
A_Case_of_Two_Cities_2943,"0.174021,0.182089,0.156287,0.167211,0.159401,0.160990"
A_Case_of_Two_Cities_295,"0.174957,0.152852,0.163306,0.198940,0.158775,0.151171"
A_Case_of_Two_Cities_2956,"0.171544,0.175533,0.159029,0.165511,0.164427,0.163955"
A_Case_of_Two_Cities_296,"0.166902,0.163322,0.169040,0.168127,0.168402,0.164207"
A_Case_of_Two_Cities_2961,"0.170316,0.167360,0.156666,0.188497,0.155147,0.162015"
A_Case_of_Two_Cities_297,"0.183010,0.129498,0.177279,0.196635,0.159801,0.153778"
A_Case_of_Two_Cities_2973,"0.167613,0.184960,0.151731,0.170284,0.164831,0.160581"
A_Case_of_Two_Cities_298,"0.165173,0.178661,0.158175,0.163228,0.167731,0.167033"
A_Case_of_Two_Cities_2982,"0.158694,0.209885,0.148280,0.163565,0.157007,0.162568"
A_Case_of_Two_Cities_300,"0.174294,0.163633,0.162423,0.170060,0.165535,0.164054"
A_Case_of_Two_Cities_3000,"0.169698,0.182460,0.159597,0.166719,0.159252,0.162274"
A_Case_of_Two_Cities_301,"0.170673,0.176233,0.159105,0.171095,0.161473,0.161421"
A_Case_of_Two_Cities_3017,"0.167140,0.167911,0.161948,0.174636,0.165870,0.162495"
A_Case_of_Two_Cities_302,"0.163587,0.205886,0.144570,0.156485,0.166753,0.162719"
A_Case_of_Two_Cities_3022,"0.170642,0.177488,0.156803,0.166663,0.165950,0.162453"
A_Case_of_Two_Cities_3023,"0.168045,0.188536,0.143868,0.173010,0.167919,0.158623"
A_Case_of_Two_Cities_3024,"0.162706,0.180141,0.155745,0.168617,0.167056,0.165735"
A_Case_of_Two_Cities_3028,"0.178904,0.149365,0.165359,0.181918,0.165976,0.158478"
A_Case_of_Two_Cities_3029,"0.180957,0.148859,0.163422,0.180498,0.165127,0.161137"
A_Case_of_Two_Cities_303,"0.179869,0.147424,0.169977,0.182595,0.158519,0.161616"
A_Case_of_Two_Cities_3030,"0.149260,0.246970,0.127581,0.140166,0.164276,0.171747"
A_Case_of_Two_Cities_3044,"0.174474,0.144273,0.172333,0.185058,0.163603,0.160259"
A_Case_of_Two_Cities_3067,"0.162388,0.190392,0.154490,0.160506,0.165108,0.167115"
A_Case_of_Two_Cities_307,"0.163528,0.171360,0.164109,0.168767,0.167520,0.164715"
A_Case_of_Two_Cities_3070,"0.153304,0.223309,0.138109,0.144566,0.166062,0.174650"
A_Case_of_Two_Cities_309,"0.167521,0.177548,0.154214,0.173490,0.167592,0.159635"
A_Case_of_Two_Cities_3105,"0.164022,0.185125,0.155393,0.163402,0.167740,0.164318"
A_Case_of_Two_Cities_311,"0.176538,0.180105,0.153742,0.173063,0.159289,0.157264"
A_Case_of_Two_Cities_3111,"0.167120,0.195333,0.153581,0.157992,0.165937,0.160038"
A_Case_of_Two_Cities_312,"0.171521,0.166501,0.164505,0.170031,0.167119,0.160322"
A_Case_of_Two_Cities_3120,"0.167120,0.195333,0.153581,0.157992,0.165937,0.160038"
A_Case_of_Two_Cities_3125,"0.162812,0.177106,0.159113,0.165472,0.171286,0.164210"
A_Case_of_Two_Cities_313,"0.165677,0.170170,0.166275,0.170619,0.161405,0.165854"
A_Case_of_Two_Cities_3144,"0.172457,0.166501,0.157021,0.178019,0.158718,0.167283"
A_Case_of_Two_Cities_3145,"0.167169,0.176144,0.160997,0.163896,0.167548,0.164245"
A_Case_of_Two_Cities_3146,"0.161499,0.186901,0.153719,0.164453,0.175762,0.157666"
A_Case_of_Two_Cities_3147,"0.171690,0.151051,0.164847,0.185907,0.163092,0.163413"
A_Case_of_Two_Cities_315,"0.171094,0.170555,0.164203,0.167912,0.168427,0.157809"
A_Case_of_Two_Cities_3159,"0.177673,0.137937,0.176720,0.190061,0.164795,0.152813"
A_Case_of_Two_Cities_3175,"0.176731,0.157440,0.159445,0.176975,0.167648,0.161762"
A_Case_of_Two_Cities_318,"0.163692,0.199518,0.149045,0.158805,0.165181,0.163759"
A_Case_of_Two_Cities_319,"0.177353,0.131573,0.178623,0.191202,0.163251,0.157998"
A_Case_of_Two_Cities_3192,"0.167284,0.157438,0.166179,0.185353,0.170856,0.152890"
A_Case_of_Two_Cities_320,"0.169622,0.172792,0.163499,0.165588,0.166540,0.161959"
A_Case_of_Two_Cities_3200,"0.177384,0.146149,0.165658,0.190673,0.165613,0.154522"
A_Case_of_Two_Cities_3205,"0.162883,0.175847,0.159729,0.176830,0.162907,0.161803"
A_Case_of_Two_Cities_3206,"0.146555,0.220897,0.141852,0.161782,0.163830,0.165085"
A_Case_of_Two_Cities_3210,"0.161211,0.195587,0.151373,0.161489,0.162803,0.167536"
A_Case_of_Two_Cities_3231,"0.173531,0.158979,0.161324,0.188346,0.163010,0.154810"
A_Case_of_Two_Cities_3259,"0.168311,0.164709,0.163178,0.167189,0.169448,0.167165"
A_Case_of_Two_Cities_3266,"0.162124,0.199624,0.146783,0.163941,0.163600,0.163928"
A_Case_of_Two_Cities_327,"0.171577,0.171280,0.161153,0.168313,0.164962,0.162714"
A_Case_of_Two_Cities_3276,"0.157094,0.189373,0.156053,0.165440,0.165781,0.166258"
A_Case_of_Two_Cities_3280,"0.169015,0.142901,0.171478,0.185076,0.168373,0.163157"
A_Case_of_Two_Cities_3291,"0.156663,0.197470,0.150818,0.163803,0.166666,0.164579"
A_Case_of_Two_Cities_3299,"0.160299,0.176414,0.151345,0.167380,0.174870,0.169692"
A_Case_of_Two_Cities_3319,"0.166460,0.163883,0.164802,0.173008,0.169099,0.162748"
A_Case_of_Two_Cities_332,"0.170096,0.159687,0.166357,0.173102,0.170586,0.160171"
A_Case_of_Two_Cities_333,"0.168782,0.159879,0.165379,0.175897,0.167759,0.162304"
A_Case_of_Two_Cities_3336,"0.165679,0.149062,0.170794,0.179639,0.172095,0.162731"
A_Case_of_Two_Cities_3345,"0.163515,0.186745,0.156103,0.159768,0.168849,0.165021"
A_Case_of_Two_Cities_3350,"0.173997,0.165642,0.160280,0.184267,0.162608,0.153205"
A_Case_of_Two_Cities_3354,"0.133899,0.300068,0.114739,0.128415,0.156326,0.166552"
A_Case_of_Two_Cities_3356,"0.176538,0.180105,0.153742,0.173063,0.159289,0.157264"
A_Case_of_Two_Cities_3357,"0.124978,0.328338,0.109906,0.140583,0.143238,0.152957"
A_Case_of_Two_Cities_336,"0.167140,0.167911,0.161948,0.174636,0.165870,0.162495"
A_Case_of_Two_Cities_3360,"0.148441,0.245759,0.131250,0.146353,0.161500,0.166697"
A_Case_of_Two_Cities_3364,"0.169083,0.189094,0.149180,0.183631,0.153940,0.155072"
A_Case_of_Two_Cities_3366,"0.169778,0.166616,0.163899,0.175148,0.162229,0.162331"
A_Case_of_Two_Cities_337,"0.162124,0.199624,0.146783,0.163941,0.163600,0.163928"
A_Case_of_Two_Cities_3404,"0.162055,0.181581,0.156826,0.166441,0.170455,0.162641"
A_Case_of_Two_Cities_3407,"0.155395,0.178094,0.162070,0.166466,0.172095,0.165880"
A_Case_of_Two_Cities_341,"0.170274,0.173734,0.158727,0.169683,0.162670,0.164913"
A_Case_of_Two_Cities_3425,"0.146033,0.216538,0.147072,0.146563,0.170030,0.173764"
A_Case_of_Two_Cities_3426,"0.168072,0.147797,0.176346,0.178874,0.167004,0.161906"
A_Case_of_Two_Cities_3435,"0.165027,0.184460,0.151666,0.169265,0.169403,0.160179"
A_Case_of_Two_Cities_3437,"0.163364,0.180463,0.155921,0.165922,0.168942,0.165387"
A_Case_of_Two_Cities_3443,"0.160606,0.170424,0.157859,0.177143,0.171388,0.162580"
A_Case_of_Two_Cities_3444,"0.156268,0.227701,0.141574,0.150400,0.160030,0.164027"
A_Case_of_Two_Cities_3456,"0.163131,0.188409,0.153976,0.165772,0.164460,0.164251"
A_Case_of_Two_Cities_3460,"0.163082,0.188383,0.153364,0.166678,0.165465,0.163028"
A_Case_of_Two_Cities_3469,"0.167280,0.177419,0.159667,0.165762,0.168389,0.161483"
A_Case_of_Two_Cities_3471,"0.162124,0.199624,0.146783,0.163941,0.163600,0.163928"
A_Case_of_Two_Cities_348,"0.154555,0.196789,0.139944,0.159180,0.180770,0.168761"
A_Case_of_Two_Cities_3480,"0.169246,0.165680,0.156089,0.180316,0.168243,0.160425"
A_Case_of_Two_Cities_349,"0.172752,0.156418,0.161776,0.174358,0.168967,0.165728"
A_Case_of_Two_Cities_350,"0.173633,0.181248,0.154654,0.169420,0.161787,0.159259"
A_Case_of_Two_Cities_3504,"0.163578,0.203205,0.149288,0.159833,0.161877,0.162220"
A_Case_of_Two_Cities_351,"0.176538,0.180105,0.153742,0.173063,0.159289,0.157264"
A_Case_of_Two_Cities_352,"0.170981,0.173244,0.157114,0.171985,0.163300,0.163376"
A_Case_of_Two_Cities_353,"0.165346,0.170123,0.159475,0.169943,0.166178,0.168934"
A_Case_of_Two_Cities_3549,"0.165936,0.169124,0.162139,0.171186,0.168123,0.163493"
A_Case_of_Two_Cities_3552,"0.133552,0.215352,0.145022,0.144160,0.181024,0.180891"
A_Case_of_Two_Cities_356,"0.169604,0.137570,0.166072,0.193033,0.166838,0.166883"
A_Case_of_Two_Cities_3562,"0.174775,0.162405,0.160386,0.184862,0.160463,0.157109"
A_Case_of_Two_Cities_3567,"0.170799,0.174554,0.159633,0.170725,0.163761,0.160528"
A_Case_of_Two_Cities_3569,"0.165233,0.167386,0.166952,0.167307,0.168962,0.164160"
A_Case_of_Two_Cities_3571,"0.170230,0.166026,0.166765,0.175561,0.163028,0.158390"
A_Case_of_Two_Cities_3573,"0.176917,0.146025,0.168646,0.182224,0.167019,0.159169"
A_Case_of_Two_Cities_358,"0.173550,0.174958,0.160177,0.165470,0.167740,0.158105"
A_Case_of_Two_Cities_3589,"0.171741,0.167731,0.161400,0.173922,0.163324,0.161881"
A_Case_of_Two_Cities_359,"0.143906,0.233429,0.130911,0.144910,0.171747,0.175096"
A_Case_of_Two_Cities_3590,"0.170732,0.144498,0.175390,0.179057,0.167754,0.162568"
A_Case_of_Two_Cities_3594,"0.167715,0.174611,0.158402,0.167940,0.165923,0.165409"
A_Case_of_Two_Cities_3618,"0.164648,0.194225,0.148738,0.160573,0.164568,0.167248"
A_Case_of_Two_Cities_3619,"0.170863,0.173708,0.158070,0.167470,0.166315,0.163574"
A_Case_of_Two_Cities_362,"0.168672,0.174608,0.160894,0.167482,0.164288,0.164056"
A_Case_of_Two_Cities_3628,"0.159832,0.181566,0.160652,0.164587,0.166760,0.166602"
A_Case_of_Two_Cities_3636,"0.172315,0.168146,0.160176,0.174713,0.164677,0.159972"
A_Case_of_Two_Cities_3646,"0.144070,0.284568,0.115300,0.129973,0.161248,0.164840"
A_Case_of_Two_Cities_3648,"0.115641,0.430880,0.090889,0.101726,0.121851,0.139011"
A_Case_of_Two_Cities_365,"0.166612,0.154678,0.168577,0.177813,0.171177,0.161143"
A_Case_of_Two_Cities_3659,"0.175573,0.141656,0.170160,0.191817,0.162279,0.158516"
A_Case_of_Two_Cities_3669,"0.169149,0.179835,0.158337,0.165957,0.164228,0.162494"
A_Case_of_Two_Cities_367,"0.163364,0.180463,0.155921,0.165922,0.168942,0.165387"
A_Case_of_Two_Cities_3670,"0.172315,0.168146,0.160176,0.174713,0.164677,0.159972"
A_Case_of_Two_Cities_3682,"0.173866,0.157310,0.161673,0.183345,0.166167,0.157639"
A_Case_of_Two_Cities_3683,"0.172315,0.168146,0.160176,0.174713,0.164677,0.159972"
A_Case_of_Two_Cities_3701,"0.148218,0.260545,0.126707,0.134167,0.166292,0.164071"
A_Case_of_Two_Cities_3706,"0.168881,0.184357,0.155664,0.161506,0.167341,0.162252"
A_Case_of_Two_Cities_3721,"0.169976,0.166128,0.163062,0.174229,0.165946,0.160658"
A_Case_of_Two_Cities_3726,"0.172509,0.164742,0.160631,0.174312,0.162558,0.165247"
A_Case_of_Two_Cities_373,"0.176013,0.161129,0.157455,0.177034,0.168935,0.159435"
A_Case_of_Two_Cities_374,"0.169781,0.163856,0.166584,0.168846,0.167109,0.163824"
A_Case_of_Two_Cities_3741,"0.162124,0.199624,0.146783,0.163941,0.163600,0.163928"
A_Case_of_Two_Cities_3745,"0.169053,0.226198,0.136891,0.160800,0.156739,0.150319"
A_Case_of_Two_Cities_3746,"0.159785,0.184448,0.155521,0.158505,0.172461,0.169279"
A_Case_of_Two_Cities_377,"0.165234,0.172321,0.158993,0.172423,0.167077,0.163953"
A_Case_of_Two_Cities_3788,"0.157415,0.188032,0.155552,0.162112,0.171114,0.165775"
A_Case_of_Two_Cities_380,"0.176538,0.180105,0.153742,0.173063,0.159289,0.157264"
A_Case_of_Two_Cities_3804,"0.167125,0.165243,0.163624,0.177152,0.163382,0.163474"
A_Case_of_Two_Cities_3836,"0.169417,0.169759,0.157597,0.173021,0.168353,0.161853"
A_Case_of_Two_Cities_3855,"0.165098,0.181665,0.152873,0.169634,0.164921,0.165809"
A_Case_of_Two_Cities_386,"0.181107,0.160274,0.157977,0.192586,0.155124,0.152931"
A_Case_of_Two_Cities_387,"0.174433,0.175405,0.154605,0.169650,0.163645,0.162262"
A_Case_of_Two_Cities_3879,"0.165642,0.178566,0.157224,0.165389,0.169706,0.163472"
A_Case_of_Two_Cities_388,"0.166171,0.183444,0.158862,0.161914,0.165940,0.163669"
A_Case_of_Two_Cities_389,"0.167120,0.195333,0.153581,0.157992,0.165937,0.160038"
A_Case_of_Two_Cities_390,"0.170969,0.170655,0.163443,0.169368,0.164206,0.161358"
A_Case_of_Two_Cities_391,"0.175291,0.145008,0.170131,0.176938,0.167852,0.164781"
A_Case_of_Two_Cities_3910,"0.117133,0.331869,0.108799,0.118194,0.154799,0.169206"
A_Case_of_Two_Cities_3911,"0.174048,0.177182,0.158648,0.171163,0.157972,0.160987"
A_Case_of_Two_Cities_3915,"0.169728,0.170850,0.161487,0.170386,0.170884,0.156665"
A_Case_of_Two_Cities_3925,"0.163364,0.180463,0.155921,0.165922,0.168942,0.165387"
A_Case_of_Two_Cities_395,"0.168219,0.189983,0.146283,0.158579,0.169859,0.167077"
A_Case_of_Two_Cities_3951,"0.163388,0.185444,0.149752,0.167794,0.164731,0.168890"
A_Case_of_Two_Cities_3955,"0.180439,0.141245,0.168122,0.196308,0.157935,0.155951"
A_Case_of_Two_Cities_397,"0.171802,0.154522,0.165279,0.178285,0.165418,0.164693"
A_Case_of_Two_Cities_399,"0.157525,0.187972,0.153037,0.171110,0.164431,0.165925"
A_Case_of_Two_Cities_4009,"0.171346,0.179262,0.156479,0.166776,0.163688,0.162449"
A_Case_of_Two_Cities_4011,"0.163364,0.180463,0.155921,0.165922,0.168942,0.165387"
A_Case_of_Two_Cities_4072,"0.160709,0.181063,0.150242,0.177432,0.167150,0.163404"
A_Case_of_Two_Cities_4101,"0.159701,0.171849,0.162161,0.167611,0.166967,0.171711"
A_Case_of_Two_Cities_4119,"0.167429,0.165820,0.162136,0.169876,0.169621,0.165118"
A_Case_of_Two_Cities_4124,"0.178430,0.159800,0.168066,0.173561,0.160681,0.159462"
A_Case_of_Two_Cities_4143,"0.170028,0.162463,0.162933,0.179420,0.164454,0.160702"
A_Case_of_Two_Cities_4155,"0.162033,0.194282,0.151434,0.160895,0.164539,0.166818"
A_Case_of_Two_Cities_4157,"0.162079,0.185494,0.152053,0.171308,0.178190,0.150875"
A_Case_of_Two_Cities_4172,"0.167125,0.165243,0.163624,0.177152,0.163382,0.163474"
A_Case_of_Two_Cities_4173,"0.159686,0.175168,0.158378,0.165410,0.176682,0.164675"
A_Case_of_Two_Cities_4182,"0.169670,0.169454,0.159507,0.174317,0.167620,0.159431"
A_Case_of_Two_Cities_4184,"0.174717,0.159931,0.163341,0.176146,0.163937,0.161928"
A_Case_of_Two_Cities_4191,"0.162124,0.199624,0.146783,0.163941,0.163600,0.163928"
A_Case_of_Two_Cities_4199,"0.169778,0.166616,0.163899,0.175148,0.162229,0.162331"
A_Case_of_Two_Cities_4200,"0.153494,0.175746,0.162866,0.169827,0.171474,0.166592"
A_Case_of_Two_Cities_421,"0.172720,0.140553,0.174066,0.189886,0.163955,0.158821"
A_Case_of_Two_Cities_4215,"0.173276,0.141077,0.170207,0.191973,0.168303,0.155163"
A_Case_of_Two_Cities_4216,"0.167321,0.175877,0.161490,0.170001,0.165495,0.159816"
A_Case_of_Two_Cities_4242,"0.167051,0.185005,0.152686,0.162451,0.167174,0.165634"
A_Case_of_Two_Cities_4245,"0.165784,0.181708,0.153830,0.169172,0.170428,0.159077"
A_Case_of_Two_Cities_4247,"0.169260,0.166371,0.163012,0.168583,0.166210,0.166563"
A_Case_of_Two_Cities_4249,"0.158728,0.203665,0.152088,0.157095,0.157638,0.170785"
A_Case_of_Two_Cities_425,"0.158120,0.186900,0.151710,0.158847,0.178293,0.166130"
A_Case_of_Two_Cities_4257,"0.165993,0.180360,0.158004,0.166386,0.163209,0.166047"
A_Case_of_Two_Cities_426,"0.161700,0.181261,0.159395,0.158101,0.170255,0.169287"
A_Case_of_Two_Cities_427,"0.206278,0.127573,0.173027,0.196563,0.156024,0.140536"
A_Case_of_Two_Cities_4308,"0.164284,0.178621,0.156890,0.170404,0.164558,0.165242"
A_Case_of_Two_Cities_4320,"0.159919,0.205852,0.147694,0.157975,0.161959,0.166601"
A_Case_of_Two_Cities_4374,"0.160148,0.185024,0.148334,0.165914,0.178070,0.162510"
A_Case_of_Two_Cities_4385,"0.155932,0.209916,0.137310,0.147909,0.176036,0.172898"
A_Case_of_Two_Cities_439,"0.158092,0.199771,0.143262,0.161575,0.170418,0.166882"
A_Case_of_Two_Cities_4390,"0.162124,0.199624,0.146783,0.163941,0.163600,0.163928"
A_Case_of_Two_Cities_4398,"0.179393,0.204589,0.132381,0.178055,0.166702,0.138880"
A_Case_of_Two_Cities_4411,"0.169066,0.171303,0.162357,0.173022,0.164273,0.159978"
A_Case_of_Two_Cities_4413,"0.170652,0.172193,0.160049,0.168986,0.166924,0.161196"
A_Case_of_Two_Cities_4415,"0.179371,0.178722,0.153542,0.174926,0.156436,0.157003"
A_Case_of_Two_Cities_4428,"0.161813,0.196172,0.155022,0.163496,0.161794,0.161703"
A_Case_of_Two_Cities_4433,"0.160819,0.182400,0.158612,0.159832,0.170148,0.168190"
A_Case_of_Two_Cities_4435,"0.163006,0.189908,0.153970,0.163196,0.167157,0.162763"
A_Case_of_Two_Cities_4444,"0.173883,0.155278,0.159689,0.173468,0.170814,0.166869"
A_Case_of_Two_Cities_4449,"0.160350,0.181655,0.159630,0.161621,0.167443,0.169301"
A_Case_of_Two_Cities_4451,"0.160428,0.187867,0.153691,0.165154,0.169484,0.163376"
A_Case_of_Two_Cities_4454,"0.167095,0.163430,0.163647,0.174133,0.169042,0.162653"
A_Case_of_Two_Cities_4455,"0.163546,0.187400,0.157189,0.161094,0.160941,0.169830"
A_Case_of_Two_Cities_446,"0.163364,0.180463,0.155921,0.165922,0.168942,0.165387"
A_Case_of_Two_Cities_4462,"0.167477,0.170146,0.160339,0.170575,0.164699,0.166764"
A_Case_of_Two_Cities_4487,"0.162124,0.199624,0.146783,0.163941,0.163600,0.163928"
A_Case_of_Two_Cities_4490,"0.164842,0.169911,0.162459,0.164642,0.169514,0.168633"
A_Case_of_Two_Cities_4496,"0.167367,0.170975,0.162526,0.163773,0.169116,0.166244"
A_Case_of_Two_Cities_4497,"0.173627,0.159732,0.164293,0.173505,0.169340,0.159503"
A_Case_of_Two_Cities_4501,"0.167797,0.187794,0.153949,0.164039,0.167063,0.159357"
A_Case_of_Two_Cities_4507,"0.161786,0.191705,0.151962,0.158696,0.166866,0.168985"
A_Case_of_Two_Cities_4509,"0.159359,0.208932,0.150005,0.156055,0.166027,0.159623"
A_Case_of_Two_Cities_4517,"0.171336,0.176692,0.156822,0.169670,0.165018,0.160462"
A_Case_of_Two_Cities_454,"0.168636,0.178970,0.159226,0.169857,0.162953,0.160358"
A_Case_of_Two_Cities_455,"0.157738,0.190642,0.145389,0.180997,0.179763,0.145470"
A_Case_of_Two_Cities_4556,"0.170756,0.167787,0.162474,0.166725,0.167016,0.165241"
A_Case_of_Two_Cities_456,"0.166139,0.172039,0.162316,0.163158,0.169661,0.166687"
A_Case_of_Two_Cities_4566,"0.167252,0.170648,0.156561,0.169388,0.168229,0.167921"
A_Case_of_Two_Cities_4577,"0.167252,0.170648,0.156561,0.169388,0.168229,0.167921"
A_Case_of_Two_Cities_4578,"0.161460,0.182966,0.158273,0.161821,0.168673,0.166807"
A_Case_of_Two_Cities_459,"0.167515,0.180338,0.159404,0.165436,0.163713,0.163594"
A_Case_of_Two_Cities_4600,"0.160792,0.187203,0.143155,0.163154,0.177468,0.168228"
A_Case_of_Two_Cities_4609,"0.176249,0.158692,0.165033,0.177218,0.163526,0.159283"
A_Case_of_Two_Cities_4620,"0.166833,0.174804,0.160447,0.168354,0.164967,0.164595"
A_Case_of_Two_Cities_4631,"0.163364,0.180463,0.155921,0.165922,0.168942,0.165387"
A_Case_of_Two_Cities_4633,"0.172890,0.168590,0.162995,0.171448,0.164781,0.159296"
A_Case_of_Two_Cities_4639,"0.167125,0.165243,0.163624,0.177152,0.163382,0.163474"
A_Case_of_Two_Cities_465,"0.166892,0.152802,0.168657,0.177324,0.171269,0.163057"
A_Case_of_Two_Cities_467,"0.167711,0.171353,0.161680,0.165623,0.169132,0.164501"
A_Case_of_Two_Cities_4672,"0.168126,0.168617,0.165298,0.169047,0.166740,0.162172"
A_Case_of_Two_Cities_4679,"0.172419,0.173344,0.160914,0.167678,0.164737,0.160908"
