Character id,Persona Prob Vec
A_Case_of_Two_Cities_0,"0.147360,0.146324,0.138434,0.139352,0.151029,0.138393,0.139107"
A_Case_of_Two_Cities_1,"0.147254,0.146210,0.139819,0.141549,0.145172,0.137856,0.142139"
A_Case_of_Two_Cities_1001,"0.137342,0.154006,0.149213,0.143010,0.130156,0.142857,0.143416"
A_Case_of_Two_Cities_1003,"0.142455,0.146673,0.143124,0.144634,0.139599,0.137747,0.145768"
A_Case_of_Two_Cities_1018,"0.137922,0.131812,0.153289,0.157278,0.112568,0.149691,0.157440"
A_Case_of_Two_Cities_1021,"0.142403,0.146082,0.147945,0.144226,0.138061,0.138684,0.142599"
A_Case_of_Two_Cities_1030,"0.150507,0.151962,0.136102,0.137216,0.154832,0.130705,0.138675"
A_Case_of_Two_Cities_1061,"0.146293,0.150986,0.137721,0.131779,0.148402,0.145211,0.139609"
A_Case_of_Two_Cities_1062,"0.150033,0.148455,0.136166,0.139298,0.153364,0.135972,0.136711"
A_Case_of_Two_Cities_1077,"0.147432,0.148257,0.135004,0.136112,0.150450,0.143549,0.139195"
A_Case_of_Two_Cities_1079,"0.143911,0.141934,0.141975,0.136440,0.142282,0.141274,0.152184"
A_Case_of_Two_Cities_1081,"0.145439,0.147069,0.138731,0.142201,0.149290,0.139468,0.137801"
A_Case_of_Two_Cities_1083,"0.144717,0.142697,0.141181,0.142732,0.146350,0.140409,0.141913"
A_Case_of_Two_Cities_1084,"0.143540,0.154079,0.133663,0.144523,0.150110,0.135671,0.138415"
A_Case_of_Two_Cities_1108,"0.146658,0.143804,0.141766,0.139852,0.146016,0.139232,0.142672"
A_Case_of_Two_Cities_1111,"0.155634,0.156418,0.123079,0.132561,0.167348,0.126346,0.138615"
A_Case_of_Two_Cities_1125,"0.140878,0.137225,0.175483,0.155286,0.113638,0.123180,0.154310"
A_Case_of_Two_Cities_1132,"0.132326,0.138268,0.163651,0.148037,0.124667,0.139069,0.153982"
A_Case_of_Two_Cities_1141,"0.145362,0.136157,0.140645,0.145778,0.145877,0.139289,0.146892"
A_Case_of_Two_Cities_1148,"0.145377,0.141391,0.146074,0.141261,0.143095,0.137731,0.145070"
A_Case_of_Two_Cities_1155,"0.134621,0.152005,0.139582,0.139004,0.135615,0.153955,0.145219"
A_Case_of_Two_Cities_1166,"0.137883,0.143850,0.137876,0.149144,0.135501,0.150693,0.145053"
A_Case_of_Two_Cities_1178,"0.147815,0.156273,0.153117,0.150832,0.142616,0.132598,0.116749"
A_Case_of_Two_Cities_1182,"0.156178,0.155799,0.137455,0.132278,0.159346,0.126565,0.132379"
A_Case_of_Two_Cities_1184,"0.142960,0.144687,0.141593,0.144451,0.144829,0.141226,0.140254"
A_Case_of_Two_Cities_1196,"0.142451,0.146007,0.135580,0.135855,0.148005,0.143323,0.148778"
A_Case_of_Two_Cities_1198,"0.144984,0.145368,0.141861,0.142840,0.144404,0.138494,0.142048"
A_Case_of_Two_Cities_1215,"0.143540,0.154079,0.133663,0.144523,0.150110,0.135671,0.138415"
A_Case_of_Two_Cities_1220,"0.134404,0.147248,0.152080,0.142074,0.135516,0.146894,0.141784"
A_Case_of_Two_Cities_1222,"0.132674,0.142671,0.146301,0.153714,0.130700,0.149007,0.144933"
A_Case_of_Two_Cities_123,"0.150792,0.150056,0.138671,0.132552,0.149806,0.142791,0.135332"
A_Case_of_Two_Cities_1235,"0.146958,0.138457,0.152751,0.142727,0.137532,0.127960,0.153614"
A_Case_of_Two_Cities_1237,"0.158131,0.233847,0.053078,0.070099,0.270547,0.119616,0.094682"
A_Case_of_Two_Cities_1252,"0.130688,0.137244,0.151196,0.163439,0.112071,0.143140,0.162223"
A_Case_of_Two_Cities_1257,"0.143447,0.148410,0.136864,0.149101,0.143717,0.138387,0.140074"
A_Case_of_Two_Cities_1267,"0.147800,0.147188,0.143311,0.134980,0.149328,0.135552,0.141841"
A_Case_of_Two_Cities_1274,"0.127640,0.139410,0.146443,0.165566,0.136193,0.139308,0.145440"
A_Case_of_Two_Cities_1275,"0.148326,0.159381,0.122192,0.126817,0.172715,0.134482,0.136087"
A_Case_of_Two_Cities_1306,"0.141761,0.150051,0.136745,0.139853,0.147978,0.138321,0.145290"
A_Case_of_Two_Cities_1315,"0.149295,0.146445,0.146309,0.145848,0.149130,0.130808,0.132165"
A_Case_of_Two_Cities_1336,"0.145549,0.147998,0.135720,0.141865,0.154476,0.137590,0.136803"
A_Case_of_Two_Cities_1373,"0.144654,0.152228,0.135882,0.137393,0.150732,0.141465,0.137646"
A_Case_of_Two_Cities_1381,"0.138354,0.141625,0.147606,0.152253,0.127405,0.146484,0.146273"
A_Case_of_Two_Cities_1390,"0.146508,0.153984,0.128842,0.145732,0.155042,0.131011,0.138880"
A_Case_of_Two_Cities_142,"0.141279,0.140660,0.151025,0.144177,0.133081,0.144974,0.144804"
A_Case_of_Two_Cities_1422,"0.141203,0.138356,0.142747,0.147835,0.137046,0.145859,0.146954"
A_Case_of_Two_Cities_1434,"0.146293,0.150986,0.137721,0.131779,0.148402,0.145211,0.139609"
A_Case_of_Two_Cities_1436,"0.141743,0.152278,0.141016,0.142086,0.151994,0.132876,0.138007"
A_Case_of_Two_Cities_1455,"0.133041,0.140764,0.149963,0.151336,0.124445,0.148779,0.151671"
A_Case_of_Two_Cities_1456,"0.147472,0.155168,0.133127,0.140302,0.159343,0.133194,0.131394"
A_Case_of_Two_Cities_1460,"0.145040,0.144362,0.139270,0.141136,0.142852,0.144785,0.142555"
A_Case_of_Two_Cities_1462,"0.142708,0.147847,0.139427,0.144596,0.141398,0.141229,0.142796"
A_Case_of_Two_Cities_1465,"0.152959,0.156993,0.134180,0.131034,0.165794,0.128478,0.130562"
A_Case_of_Two_Cities_1466,"0.150500,0.145134,0.144797,0.136339,0.144190,0.137410,0.141630"
A_Case_of_Two_Cities_1469,"0.147822,0.150948,0.140893,0.133013,0.151921,0.135575,0.139828"
A_Case_of_Two_Cities_1496,"0.137037,0.156524,0.121288,0.148408,0.155658,0.145681,0.135405"
A_Case_of_Two_Cities_1528,"0.139154,0.149181,0.132907,0.144987,0.137286,0.151996,0.144488"
A_Case_of_Two_Cities_1542,"0.156540,0.159605,0.123961,0.127077,0.177003,0.127951,0.127863"
A_Case_of_Two_Cities_1552,"0.136559,0.143212,0.144362,0.140693,0.134916,0.148945,0.151313"
A_Case_of_Two_Cities_1578,"0.141388,0.143814,0.137137,0.152352,0.136394,0.144929,0.143986"
A_Case_of_Two_Cities_1580,"0.149795,0.148368,0.136366,0.143498,0.146204,0.140221,0.135547"
A_Case_of_Two_Cities_1585,"0.142094,0.152876,0.142024,0.134125,0.142908,0.145025,0.140947"
A_Case_of_Two_Cities_1587,"0.144648,0.150928,0.132393,0.139867,0.155770,0.140125,0.136269"
A_Case_of_Two_Cities_1593,"0.153507,0.149875,0.136676,0.137681,0.157855,0.130355,0.134051"
A_Case_of_Two_Cities_1612,"0.134094,0.139611,0.147028,0.151188,0.124810,0.149997,0.153272"
A_Case_of_Two_Cities_1639,"0.152169,0.153177,0.130888,0.136269,0.157539,0.133437,0.136520"
A_Case_of_Two_Cities_1644,"0.143018,0.144580,0.140356,0.139028,0.145633,0.140906,0.146479"
A_Case_of_Two_Cities_1653,"0.142829,0.144069,0.139816,0.145270,0.141169,0.144695,0.142152"
A_Case_of_Two_Cities_1654,"0.156311,0.150833,0.135132,0.133318,0.159641,0.125118,0.139647"
A_Case_of_Two_Cities_1656,"0.141440,0.142657,0.142472,0.141460,0.138809,0.144730,0.148432"
A_Case_of_Two_Cities_1672,"0.150343,0.155021,0.122800,0.134662,0.171044,0.130188,0.135942"
A_Case_of_Two_Cities_1674,"0.143619,0.152393,0.135054,0.143298,0.147266,0.139410,0.138959"
A_Case_of_Two_Cities_1679,"0.136932,0.144676,0.146857,0.142782,0.140272,0.145095,0.143386"
A_Case_of_Two_Cities_1684,"0.143540,0.154079,0.133663,0.144523,0.150110,0.135671,0.138415"
A_Case_of_Two_Cities_1698,"0.145926,0.143654,0.139190,0.144145,0.145189,0.141545,0.140352"
A_Case_of_Two_Cities_1704,"0.145807,0.148272,0.143473,0.146572,0.138639,0.137008,0.140229"
A_Case_of_Two_Cities_1737,"0.146839,0.154376,0.131800,0.142017,0.157292,0.134563,0.133113"
A_Case_of_Two_Cities_1738,"0.145613,0.151576,0.138886,0.140138,0.147001,0.138414,0.138371"
A_Case_of_Two_Cities_1749,"0.147800,0.147188,0.143311,0.134980,0.149328,0.135552,0.141841"
A_Case_of_Two_Cities_1777,"0.133603,0.150170,0.132338,0.153053,0.140123,0.148110,0.142603"
A_Case_of_Two_Cities_179,"0.144693,0.143757,0.139895,0.142269,0.146496,0.142592,0.140299"
A_Case_of_Two_Cities_1794,"0.136869,0.142358,0.148899,0.152008,0.122966,0.152192,0.144709"
A_Case_of_Two_Cities_1804,"0.139154,0.149181,0.132907,0.144987,0.137286,0.151996,0.144488"
A_Case_of_Two_Cities_181,"0.146703,0.144394,0.141074,0.139595,0.148742,0.138808,0.140685"
A_Case_of_Two_Cities_1811,"0.142015,0.147667,0.134573,0.143688,0.143326,0.143498,0.145232"
A_Case_of_Two_Cities_1812,"0.141392,0.142823,0.141620,0.148702,0.138919,0.144443,0.142102"
A_Case_of_Two_Cities_182,"0.148919,0.156689,0.124885,0.136573,0.157529,0.145098,0.130307"
A_Case_of_Two_Cities_1820,"0.142914,0.143900,0.143450,0.146129,0.135321,0.143714,0.144572"
A_Case_of_Two_Cities_183,"0.140513,0.141760,0.146634,0.146790,0.133072,0.145242,0.145988"
A_Case_of_Two_Cities_184,"0.142493,0.147438,0.144401,0.147436,0.135821,0.140696,0.141715"
A_Case_of_Two_Cities_186,"0.144324,0.140033,0.148389,0.143139,0.140891,0.140401,0.142823"
A_Case_of_Two_Cities_1882,"0.141222,0.139729,0.145888,0.145323,0.137497,0.141887,0.148454"
A_Case_of_Two_Cities_1884,"0.153892,0.155730,0.125254,0.134688,0.157060,0.137753,0.135623"
A_Case_of_Two_Cities_189,"0.143776,0.143131,0.141089,0.146968,0.145555,0.141000,0.138482"
A_Case_of_Two_Cities_1893,"0.152447,0.154758,0.143818,0.141914,0.143230,0.126232,0.137600"
A_Case_of_Two_Cities_1894,"0.141495,0.146106,0.136505,0.147778,0.144183,0.146110,0.137823"
A_Case_of_Two_Cities_1906,"0.143341,0.146674,0.144664,0.146250,0.136924,0.139602,0.142544"
A_Case_of_Two_Cities_191,"0.144760,0.142999,0.142568,0.142820,0.144361,0.141054,0.141438"
A_Case_of_Two_Cities_192,"0.140702,0.142582,0.141742,0.140955,0.139795,0.147848,0.146376"
A_Case_of_Two_Cities_194,"0.138263,0.137038,0.147990,0.152175,0.129139,0.148134,0.147261"
A_Case_of_Two_Cities_1944,"0.141691,0.149453,0.144305,0.143463,0.136027,0.141813,0.143249"
A_Case_of_Two_Cities_195,"0.143120,0.142952,0.143444,0.145994,0.141524,0.140421,0.142544"
A_Case_of_Two_Cities_1952,"0.142016,0.135461,0.155433,0.156342,0.125905,0.140938,0.143904"
A_Case_of_Two_Cities_1972,"0.131763,0.133281,0.160595,0.153383,0.117046,0.150897,0.153035"
A_Case_of_Two_Cities_198,"0.143198,0.143672,0.140540,0.143791,0.143025,0.144160,0.141614"
A_Case_of_Two_Cities_199,"0.142633,0.142291,0.136836,0.152187,0.137397,0.141072,0.147585"
A_Case_of_Two_Cities_1998,"0.142590,0.144036,0.139072,0.143534,0.144130,0.137865,0.148774"
A_Case_of_Two_Cities_200,"0.142231,0.143612,0.140374,0.143550,0.142708,0.145270,0.142256"
A_Case_of_Two_Cities_2001,"0.136360,0.155816,0.141084,0.153745,0.134850,0.138267,0.139878"
A_Case_of_Two_Cities_2009,"0.137141,0.137288,0.144212,0.149376,0.136091,0.149065,0.146827"
A_Case_of_Two_Cities_201,"0.140278,0.144375,0.140209,0.145373,0.144208,0.143974,0.141583"
A_Case_of_Two_Cities_203,"0.140342,0.144892,0.138985,0.145107,0.139484,0.147404,0.143786"
A_Case_of_Two_Cities_207,"0.136541,0.140801,0.145324,0.151414,0.132592,0.149370,0.143959"
A_Case_of_Two_Cities_2078,"0.143540,0.154079,0.133663,0.144523,0.150110,0.135671,0.138415"
A_Case_of_Two_Cities_2099,"0.141759,0.145939,0.151174,0.143900,0.128726,0.146886,0.141615"
A_Case_of_Two_Cities_210,"0.142268,0.149203,0.139009,0.140455,0.142277,0.143917,0.142871"
A_Case_of_Two_Cities_2103,"0.146312,0.149075,0.134727,0.137191,0.148520,0.140912,0.143262"
A_Case_of_Two_Cities_211,"0.140310,0.141797,0.142281,0.144725,0.138867,0.147029,0.144991"
A_Case_of_Two_Cities_212,"0.141108,0.149484,0.133793,0.140636,0.145431,0.146822,0.142727"
A_Case_of_Two_Cities_2146,"0.135541,0.141871,0.149550,0.148148,0.131233,0.150044,0.143614"
A_Case_of_Two_Cities_2148,"0.163781,0.168557,0.090080,0.112524,0.213697,0.118136,0.133226"
A_Case_of_Two_Cities_2151,"0.148213,0.154409,0.131711,0.139438,0.158949,0.132916,0.134364"
A_Case_of_Two_Cities_2152,"0.144521,0.149974,0.135352,0.146579,0.149188,0.136936,0.137450"
A_Case_of_Two_Cities_2153,"0.120254,0.123403,0.173449,0.165931,0.102498,0.159023,0.155441"
A_Case_of_Two_Cities_2158,"0.143538,0.142503,0.142707,0.144073,0.143681,0.142299,0.141198"
A_Case_of_Two_Cities_216,"0.143811,0.144041,0.139246,0.142600,0.145629,0.143868,0.140805"
A_Case_of_Two_Cities_2161,"0.151549,0.153887,0.132714,0.137326,0.159889,0.131915,0.132720"
A_Case_of_Two_Cities_2166,"0.144442,0.149236,0.135430,0.144441,0.149489,0.138044,0.138918"
A_Case_of_Two_Cities_2167,"0.143108,0.137929,0.146958,0.148652,0.134089,0.141687,0.147575"
A_Case_of_Two_Cities_217,"0.141770,0.143596,0.142704,0.146796,0.133670,0.143113,0.148351"
A_Case_of_Two_Cities_2174,"0.138332,0.142214,0.147741,0.153524,0.131834,0.146735,0.139620"
A_Case_of_Two_Cities_2179,"0.150711,0.152628,0.130231,0.139353,0.159947,0.133711,0.133418"
A_Case_of_Two_Cities_2183,"0.131624,0.142130,0.144715,0.144113,0.143640,0.139986,0.153792"
A_Case_of_Two_Cities_2189,"0.147908,0.154861,0.129929,0.142856,0.159438,0.134380,0.130628"
A_Case_of_Two_Cities_219,"0.144227,0.145076,0.138515,0.140161,0.149619,0.142418,0.139984"
A_Case_of_Two_Cities_2190,"0.151499,0.153345,0.133681,0.136598,0.159146,0.132628,0.133104"
A_Case_of_Two_Cities_2191,"0.143803,0.141002,0.143345,0.145425,0.144662,0.137321,0.144442"
A_Case_of_Two_Cities_2196,"0.148902,0.148508,0.143216,0.136248,0.148112,0.137003,0.138010"
A_Case_of_Two_Cities_220,"0.148260,0.146253,0.140102,0.142322,0.145216,0.137307,0.140539"
A_Case_of_Two_Cities_221,"0.143145,0.150236,0.139424,0.144601,0.145735,0.139417,0.137442"
A_Case_of_Two_Cities_2219,"0.130612,0.138756,0.147191,0.153918,0.128761,0.147325,0.153437"
A_Case_of_Two_Cities_222,"0.143391,0.163575,0.115514,0.149668,0.162068,0.131722,0.134062"
A_Case_of_Two_Cities_224,"0.139154,0.149181,0.132907,0.144987,0.137286,0.151996,0.144488"
A_Case_of_Two_Cities_2247,"0.175463,0.166961,0.102395,0.106193,0.220072,0.112165,0.116751"
A_Case_of_Two_Cities_226,"0.142122,0.141055,0.142057,0.148640,0.142832,0.140805,0.142490"
A_Case_of_Two_Cities_2264,"0.147908,0.154861,0.129929,0.142856,0.159438,0.134380,0.130628"
A_Case_of_Two_Cities_227,"0.147853,0.147277,0.135560,0.142752,0.148764,0.136945,0.140850"
A_Case_of_Two_Cities_228,"0.142674,0.142273,0.141706,0.145432,0.139958,0.144734,0.143223"
A_Case_of_Two_Cities_229,"0.144755,0.147872,0.141057,0.139217,0.146895,0.135538,0.144666"
A_Case_of_Two_Cities_2300,"0.143503,0.144052,0.145583,0.138977,0.140098,0.142242,0.145544"
A_Case_of_Two_Cities_2306,"0.146049,0.146318,0.143576,0.142095,0.141970,0.141746,0.138247"
A_Case_of_Two_Cities_231,"0.142612,0.142670,0.141647,0.145997,0.140993,0.139784,0.146297"
A_Case_of_Two_Cities_2310,"0.155458,0.154861,0.132944,0.129996,0.163113,0.131116,0.132512"
A_Case_of_Two_Cities_2313,"0.150356,0.138672,0.150864,0.150822,0.120792,0.122510,0.165985"
A_Case_of_Two_Cities_2315,"0.138290,0.145882,0.142691,0.146954,0.141836,0.142057,0.142292"
A_Case_of_Two_Cities_2318,"0.142359,0.151063,0.136917,0.147724,0.142160,0.142115,0.137661"
A_Case_of_Two_Cities_232,"0.146356,0.143467,0.139307,0.143693,0.146764,0.140419,0.139994"
A_Case_of_Two_Cities_233,"0.135112,0.144949,0.143879,0.146100,0.133152,0.145537,0.151272"
A_Case_of_Two_Cities_234,"0.142344,0.145039,0.139677,0.144329,0.142025,0.143706,0.142881"
A_Case_of_Two_Cities_2348,"0.139374,0.136962,0.148111,0.150351,0.134848,0.146881,0.143473"
A_Case_of_Two_Cities_2350,"0.145132,0.156746,0.129669,0.139459,0.150751,0.138615,0.139628"
A_Case_of_Two_Cities_2352,"0.155458,0.154861,0.132944,0.129996,0.163113,0.131116,0.132512"
A_Case_of_Two_Cities_2353,"0.140338,0.135761,0.158720,0.151958,0.129664,0.138308,0.145250"
A_Case_of_Two_Cities_236,"0.139847,0.142191,0.141550,0.148214,0.136243,0.149716,0.142239"
A_Case_of_Two_Cities_2360,"0.145175,0.150319,0.136721,0.140387,0.146939,0.139778,0.140679"
A_Case_of_Two_Cities_2369,"0.142359,0.151063,0.136917,0.147724,0.142160,0.142115,0.137661"
A_Case_of_Two_Cities_237,"0.140267,0.142406,0.138966,0.147010,0.138685,0.148360,0.144306"
A_Case_of_Two_Cities_2377,"0.141145,0.140851,0.147901,0.146440,0.132173,0.142748,0.148743"
A_Case_of_Two_Cities_2379,"0.146559,0.153426,0.138262,0.141903,0.149290,0.131651,0.138909"
A_Case_of_Two_Cities_2393,"0.143540,0.154079,0.133663,0.144523,0.150110,0.135671,0.138415"
A_Case_of_Two_Cities_240,"0.134341,0.144216,0.136849,0.149070,0.141043,0.146252,0.148229"
A_Case_of_Two_Cities_2407,"0.158574,0.159642,0.115811,0.124219,0.176155,0.141025,0.124573"
A_Case_of_Two_Cities_241,"0.139003,0.161740,0.124645,0.132969,0.166992,0.142055,0.132597"
A_Case_of_Two_Cities_2414,"0.140248,0.143489,0.141068,0.141935,0.144664,0.142232,0.146364"
A_Case_of_Two_Cities_242,"0.150507,0.151962,0.136102,0.137216,0.154832,0.130705,0.138675"
A_Case_of_Two_Cities_243,"0.144164,0.146919,0.144375,0.144539,0.138085,0.139599,0.142318"
A_Case_of_Two_Cities_2436,"0.150111,0.150974,0.136692,0.140398,0.152007,0.131332,0.138485"
A_Case_of_Two_Cities_244,"0.138423,0.151139,0.145392,0.141267,0.135163,0.141335,0.147281"
A_Case_of_Two_Cities_2444,"0.143591,0.150137,0.137759,0.140706,0.154567,0.134714,0.138526"
A_Case_of_Two_Cities_2448,"0.142423,0.141604,0.140362,0.147227,0.140877,0.140383,0.147125"
A_Case_of_Two_Cities_2449,"0.144180,0.148490,0.137741,0.147058,0.147788,0.135629,0.139113"
A_Case_of_Two_Cities_245,"0.145678,0.136197,0.147373,0.151042,0.135279,0.142295,0.142137"
A_Case_of_Two_Cities_246,"0.160770,0.160878,0.127452,0.135731,0.169368,0.115437,0.130364"
A_Case_of_Two_Cities_2461,"0.142205,0.144027,0.140446,0.144421,0.143506,0.143052,0.142343"
A_Case_of_Two_Cities_247,"0.140335,0.138217,0.141554,0.144674,0.132958,0.153895,0.148367"
A_Case_of_Two_Cities_2474,"0.151157,0.153880,0.136427,0.136512,0.155427,0.130895,0.135703"
A_Case_of_Two_Cities_2477,"0.140047,0.138173,0.143380,0.150324,0.132797,0.143937,0.151343"
A_Case_of_Two_Cities_2478,"0.147908,0.154861,0.129929,0.142856,0.159438,0.134380,0.130628"
A_Case_of_Two_Cities_2482,"0.145463,0.149820,0.134211,0.146503,0.151082,0.138237,0.134684"
A_Case_of_Two_Cities_2490,"0.150142,0.149323,0.138832,0.137199,0.151926,0.133402,0.139175"
A_Case_of_Two_Cities_2496,"0.141752,0.147206,0.141045,0.152743,0.140498,0.139726,0.137032"
A_Case_of_Two_Cities_2503,"0.152692,0.151378,0.142865,0.133383,0.156467,0.129194,0.134021"
A_Case_of_Two_Cities_251,"0.142618,0.147830,0.138273,0.140088,0.143494,0.144874,0.142824"
A_Case_of_Two_Cities_2524,"0.143234,0.140872,0.139809,0.151027,0.143394,0.139211,0.142454"
A_Case_of_Two_Cities_2526,"0.145328,0.148946,0.138589,0.140149,0.148908,0.139686,0.138395"
A_Case_of_Two_Cities_2527,"0.137446,0.145272,0.146582,0.149265,0.140933,0.139619,0.140884"
A_Case_of_Two_Cities_253,"0.144531,0.144202,0.137679,0.141428,0.145764,0.144053,0.142343"
A_Case_of_Two_Cities_2531,"0.144446,0.142331,0.149688,0.146075,0.128458,0.141669,0.147332"
A_Case_of_Two_Cities_2536,"0.140248,0.143489,0.141068,0.141935,0.144664,0.142232,0.146364"
A_Case_of_Two_Cities_254,"0.145182,0.147324,0.138561,0.138793,0.147535,0.142079,0.140527"
A_Case_of_Two_Cities_255,"0.145707,0.144184,0.137247,0.146317,0.141596,0.141013,0.143935"
A_Case_of_Two_Cities_2550,"0.148748,0.151478,0.140979,0.136661,0.152066,0.134729,0.135339"
A_Case_of_Two_Cities_2551,"0.143540,0.154079,0.133663,0.144523,0.150110,0.135671,0.138415"
A_Case_of_Two_Cities_256,"0.150071,0.151706,0.122452,0.144519,0.159129,0.135666,0.136457"
A_Case_of_Two_Cities_2562,"0.146671,0.144721,0.142945,0.142310,0.143592,0.138877,0.140883"
A_Case_of_Two_Cities_2567,"0.139343,0.149818,0.132593,0.143295,0.143589,0.148096,0.143266"
A_Case_of_Two_Cities_2568,"0.143540,0.154079,0.133663,0.144523,0.150110,0.135671,0.138415"
A_Case_of_Two_Cities_2586,"0.137884,0.160446,0.128519,0.144564,0.147484,0.140149,0.140952"
A_Case_of_Two_Cities_2589,"0.141691,0.149453,0.144305,0.143463,0.136027,0.141813,0.143249"
A_Case_of_Two_Cities_259,"0.142622,0.131448,0.159928,0.151513,0.127024,0.136216,0.151248"
A_Case_of_Two_Cities_2592,"0.147615,0.142658,0.136381,0.148293,0.139831,0.136165,0.149057"
A_Case_of_Two_Cities_260,"0.140278,0.144375,0.140209,0.145373,0.144208,0.143974,0.141583"
A_Case_of_Two_Cities_2613,"0.151242,0.143724,0.140646,0.136940,0.148502,0.137198,0.141747"
A_Case_of_Two_Cities_2620,"0.146034,0.145802,0.138858,0.141459,0.141387,0.144306,0.142153"
A_Case_of_Two_Cities_2623,"0.141418,0.142958,0.142957,0.146027,0.138289,0.144879,0.143473"
A_Case_of_Two_Cities_2625,"0.133178,0.139003,0.157135,0.148901,0.117928,0.148937,0.154917"
A_Case_of_Two_Cities_2627,"0.132508,0.150186,0.150046,0.143316,0.129308,0.143861,0.150776"
A_Case_of_Two_Cities_2631,"0.141310,0.148600,0.140383,0.149181,0.144001,0.137509,0.139015"
A_Case_of_Two_Cities_2636,"0.139064,0.143049,0.144304,0.141799,0.133606,0.150413,0.147765"
A_Case_of_Two_Cities_264,"0.145241,0.148621,0.142983,0.138069,0.141179,0.141546,0.142361"
A_Case_of_Two_Cities_2645,"0.140477,0.145923,0.139187,0.145809,0.145025,0.143586,0.139994"
A_Case_of_Two_Cities_2646,"0.145132,0.148852,0.144761,0.144187,0.138566,0.140506,0.137996"
A_Case_of_Two_Cities_265,"0.140452,0.141567,0.143701,0.144344,0.138454,0.145323,0.146160"
A_Case_of_Two_Cities_2653,"0.148273,0.149582,0.138048,0.133169,0.153872,0.141791,0.135265"
A_Case_of_Two_Cities_2657,"0.145508,0.144851,0.140652,0.143122,0.144636,0.139199,0.142033"
A_Case_of_Two_Cities_266,"0.143823,0.143650,0.139851,0.141243,0.143887,0.143572,0.143975"
A_Case_of_Two_Cities_2660,"0.143540,0.154079,0.133663,0.144523,0.150110,0.135671,0.138415"
A_Case_of_Two_Cities_2662,"0.147144,0.145796,0.143379,0.140512,0.149856,0.134245,0.139067"
A_Case_of_Two_Cities_2670,"0.145480,0.147556,0.138351,0.138417,0.144067,0.139509,0.146620"
A_Case_of_Two_Cities_268,"0.147584,0.151119,0.135496,0.137515,0.150523,0.136618,0.141146"
A_Case_of_Two_Cities_2684,"0.137251,0.143805,0.139538,0.148058,0.140313,0.149267,0.141768"
A_Case_of_Two_Cities_269,"0.144333,0.142743,0.144735,0.142508,0.141283,0.140881,0.143519"
A_Case_of_Two_Cities_2695,"0.146146,0.147572,0.137381,0.140587,0.148601,0.139911,0.139802"
A_Case_of_Two_Cities_270,"0.141693,0.142939,0.141193,0.144137,0.137378,0.146010,0.146650"
A_Case_of_Two_Cities_2704,"0.143971,0.149142,0.133465,0.145753,0.152548,0.136933,0.138188"
A_Case_of_Two_Cities_271,"0.145005,0.144073,0.140118,0.142978,0.146703,0.141189,0.139935"
A_Case_of_Two_Cities_272,"0.138028,0.140790,0.145838,0.150819,0.136792,0.141511,0.146222"
A_Case_of_Two_Cities_2742,"0.135297,0.141616,0.144675,0.148682,0.136237,0.148933,0.144559"
A_Case_of_Two_Cities_2748,"0.156445,0.154292,0.133420,0.120862,0.176037,0.125126,0.133817"
A_Case_of_Two_Cities_276,"0.127652,0.136938,0.144719,0.155095,0.128850,0.149800,0.156947"
A_Case_of_Two_Cities_2778,"0.148938,0.152439,0.134560,0.136186,0.156090,0.134646,0.137141"
A_Case_of_Two_Cities_278,"0.142912,0.146805,0.142522,0.145855,0.139202,0.142018,0.140685"
A_Case_of_Two_Cities_2786,"0.148213,0.154409,0.131711,0.139438,0.158949,0.132916,0.134364"
A_Case_of_Two_Cities_2793,"0.146995,0.147056,0.136852,0.145426,0.151225,0.136208,0.136238"
A_Case_of_Two_Cities_2803,"0.143399,0.138837,0.148921,0.142884,0.138377,0.144577,0.143005"
A_Case_of_Two_Cities_2824,"0.145033,0.146901,0.137449,0.138098,0.148994,0.139029,0.144496"
A_Case_of_Two_Cities_283,"0.143017,0.144955,0.138409,0.143396,0.141509,0.145949,0.142765"
A_Case_of_Two_Cities_284,"0.140437,0.143622,0.140893,0.145415,0.137070,0.147800,0.144763"
A_Case_of_Two_Cities_2841,"0.146070,0.147010,0.143982,0.142849,0.140401,0.137145,0.142542"
A_Case_of_Two_Cities_285,"0.145505,0.142377,0.141993,0.142967,0.143934,0.141461,0.141763"
A_Case_of_Two_Cities_2866,"0.138084,0.147264,0.151041,0.145410,0.126050,0.139353,0.152798"
A_Case_of_Two_Cities_287,"0.174284,0.167532,0.109982,0.125762,0.184439,0.114693,0.123308"
A_Case_of_Two_Cities_2876,"0.147908,0.154861,0.129929,0.142856,0.159438,0.134380,0.130628"
A_Case_of_Two_Cities_2883,"0.137646,0.147018,0.147393,0.139024,0.139981,0.147829,0.141110"
A_Case_of_Two_Cities_2884,"0.134404,0.147248,0.152080,0.142074,0.135516,0.146894,0.141784"
A_Case_of_Two_Cities_2897,"0.144336,0.152997,0.136993,0.131486,0.155591,0.138943,0.139656"
A_Case_of_Two_Cities_2899,"0.136855,0.142580,0.141200,0.155994,0.140603,0.149129,0.133638"
A_Case_of_Two_Cities_2904,"0.147858,0.155335,0.126632,0.132262,0.166091,0.136434,0.135387"
A_Case_of_Two_Cities_2906,"0.149669,0.143149,0.146338,0.137904,0.148270,0.136702,0.137968"
A_Case_of_Two_Cities_2909,"0.138815,0.142321,0.148976,0.145231,0.133921,0.143511,0.147225"
A_Case_of_Two_Cities_2915,"0.143184,0.149753,0.135274,0.143480,0.150317,0.139900,0.138091"
A_Case_of_Two_Cities_2923,"0.147513,0.133889,0.146508,0.143489,0.134863,0.145464,0.148275"
A_Case_of_Two_Cities_2926,"0.142880,0.146800,0.134502,0.144416,0.139520,0.147988,0.143894"
A_Case_of_Two_Cities_2929,"0.136863,0.145256,0.143210,0.147508,0.135979,0.146196,0.144987"
A_Case_of_Two_Cities_293,"0.143953,0.147322,0.144350,0.142826,0.143509,0.136736,0.141304"
A_Case_of_Two_Cities_2931,"0.144806,0.148902,0.137811,0.136780,0.148702,0.141655,0.141344"
A_Case_of_Two_Cities_294,"0.141098,0.144884,0.139642,0.144513,0.142112,0.144214,0.143538"
A_Case_of_Two_Cities_2943,"0.141061,0.148864,0.133851,0.141067,0.144125,0.148981,0.142050"
A_Case_of_Two_Cities_295,"0.122734,0.141610,0.152650,0.155789,0.121194,0.155513,0.150511"
A_Case_of_Two_Cities_2956,"0.145963,0.147921,0.139648,0.136730,0.150206,0.139013,0.140519"
A_Case_of_Two_Cities_296,"0.143225,0.143604,0.143230,0.143460,0.142198,0.141832,0.142450"
A_Case_of_Two_Cities_2961,"0.146698,0.144214,0.144138,0.149264,0.135967,0.132968,0.146751"
A_Case_of_Two_Cities_297,"0.121003,0.118462,0.156715,0.179590,0.119784,0.141619,0.162829"
A_Case_of_Two_Cities_2973,"0.143147,0.147586,0.136702,0.145809,0.143871,0.141125,0.141761"
A_Case_of_Two_Cities_298,"0.146882,0.147662,0.141699,0.135574,0.147421,0.140055,0.140707"
A_Case_of_Two_Cities_2982,"0.147866,0.154873,0.131646,0.138291,0.155232,0.137279,0.134811"
A_Case_of_Two_Cities_300,"0.140794,0.140928,0.138785,0.147949,0.138014,0.148290,0.145241"
A_Case_of_Two_Cities_3000,"0.144696,0.149418,0.139739,0.138073,0.143977,0.139296,0.144801"
A_Case_of_Two_Cities_301,"0.141440,0.150262,0.132526,0.142769,0.145152,0.147789,0.140061"
A_Case_of_Two_Cities_3017,"0.141658,0.144846,0.140809,0.150845,0.136217,0.137674,0.147952"
A_Case_of_Two_Cities_302,"0.146916,0.157101,0.125673,0.137387,0.153063,0.144505,0.135356"
A_Case_of_Two_Cities_3022,"0.144508,0.145738,0.138915,0.144458,0.138875,0.145720,0.141786"
A_Case_of_Two_Cities_3023,"0.145362,0.136157,0.140645,0.145778,0.145877,0.139289,0.146892"
A_Case_of_Two_Cities_3024,"0.143841,0.148713,0.141339,0.143200,0.147274,0.137270,0.138363"
A_Case_of_Two_Cities_3028,"0.131694,0.134400,0.154122,0.148965,0.127379,0.155201,0.148240"
A_Case_of_Two_Cities_3029,"0.132504,0.134462,0.154824,0.150459,0.126321,0.156970,0.144460"
A_Case_of_Two_Cities_303,"0.140763,0.137454,0.151532,0.145779,0.126900,0.145718,0.151855"
A_Case_of_Two_Cities_3030,"0.158644,0.168123,0.118099,0.121142,0.180621,0.127917,0.125454"
A_Case_of_Two_Cities_3044,"0.141574,0.140873,0.147619,0.148773,0.132059,0.143544,0.145556"
A_Case_of_Two_Cities_3067,"0.146263,0.148063,0.136549,0.140718,0.151695,0.136783,0.139929"
A_Case_of_Two_Cities_307,"0.142954,0.146911,0.146544,0.142220,0.142253,0.133985,0.145133"
A_Case_of_Two_Cities_3070,"0.159556,0.158552,0.132660,0.131610,0.165900,0.122446,0.129275"
A_Case_of_Two_Cities_309,"0.140866,0.143861,0.139082,0.143780,0.142491,0.144868,0.145051"
A_Case_of_Two_Cities_3105,"0.145312,0.149752,0.138505,0.141706,0.143915,0.140991,0.139820"
A_Case_of_Two_Cities_311,"0.139154,0.149181,0.132907,0.144987,0.137286,0.151996,0.144488"
A_Case_of_Two_Cities_3111,"0.147908,0.154861,0.129929,0.142856,0.159438,0.134380,0.130628"
A_Case_of_Two_Cities_312,"0.140476,0.142295,0.143103,0.144593,0.140065,0.144822,0.144646"
A_Case_of_Two_Cities_3120,"0.147908,0.154861,0.129929,0.142856,0.159438,0.134380,0.130628"
A_Case_of_Two_Cities_3125,"0.148262,0.142440,0.140203,0.136791,0.147450,0.136363,0.148491"
A_Case_of_Two_Cities_313,"0.143204,0.143252,0.140685,0.138201,0.138854,0.146462,0.149343"
A_Case_of_Two_Cities_3144,"0.148848,0.148013,0.134018,0.152849,0.149539,0.132460,0.134274"
A_Case_of_Two_Cities_3145,"0.143591,0.145328,0.136258,0.144702,0.151316,0.139170,0.139634"
A_Case_of_Two_Cities_3146,"0.141743,0.152278,0.141016,0.142086,0.151994,0.132876,0.138007"
A_Case_of_Two_Cities_3147,"0.136491,0.144623,0.149881,0.149888,0.130453,0.147850,0.140814"
A_Case_of_Two_Cities_315,"0.141598,0.147628,0.138934,0.146073,0.143416,0.140314,0.142037"
A_Case_of_Two_Cities_3159,"0.133239,0.140351,0.154033,0.151348,0.122458,0.151728,0.146843"
A_Case_of_Two_Cities_3175,"0.140009,0.135681,0.152710,0.153726,0.130138,0.140074,0.147662"
A_Case_of_Two_Cities_318,"0.145667,0.153965,0.132443,0.142702,0.154982,0.135143,0.135098"
A_Case_of_Two_Cities_319,"0.132615,0.137901,0.150607,0.151560,0.129857,0.143895,0.153565"
A_Case_of_Two_Cities_3192,"0.140992,0.137607,0.152312,0.148132,0.132684,0.138454,0.149819"
A_Case_of_Two_Cities_320,"0.142467,0.144360,0.138736,0.143332,0.141914,0.146533,0.142657"
A_Case_of_Two_Cities_3200,"0.142206,0.139074,0.152378,0.144366,0.127257,0.142866,0.151854"
A_Case_of_Two_Cities_3205,"0.143744,0.145812,0.146290,0.138189,0.141529,0.138353,0.146082"
A_Case_of_Two_Cities_3206,"0.151024,0.161531,0.133775,0.118064,0.163994,0.136339,0.135272"
A_Case_of_Two_Cities_3210,"0.145665,0.155144,0.135556,0.135964,0.157605,0.134119,0.135946"
A_Case_of_Two_Cities_3231,"0.136711,0.137284,0.149744,0.156398,0.130126,0.147096,0.142641"
A_Case_of_Two_Cities_3259,"0.140564,0.147094,0.144171,0.142913,0.135145,0.144801,0.145313"
A_Case_of_Two_Cities_3266,"0.143540,0.154079,0.133663,0.144523,0.150110,0.135671,0.138415"
A_Case_of_Two_Cities_327,"0.141836,0.143343,0.140546,0.143294,0.140508,0.148070,0.142404"
A_Case_of_Two_Cities_3276,"0.146293,0.150986,0.137721,0.131779,0.148402,0.145211,0.139609"
A_Case_of_Two_Cities_3280,"0.135978,0.140950,0.156781,0.152824,0.125471,0.144177,0.143818"
A_Case_of_Two_Cities_3291,"0.148825,0.152057,0.137451,0.138706,0.152547,0.134749,0.135665"
A_Case_of_Two_Cities_3299,"0.154462,0.148249,0.136750,0.135967,0.156757,0.128912,0.138902"
A_Case_of_Two_Cities_3319,"0.133523,0.143444,0.143528,0.145947,0.144316,0.147187,0.142055"
A_Case_of_Two_Cities_332,"0.140877,0.144384,0.141565,0.147407,0.136654,0.147119,0.141993"
A_Case_of_Two_Cities_333,"0.132206,0.145328,0.143149,0.149478,0.137603,0.143277,0.148958"
A_Case_of_Two_Cities_3336,"0.142842,0.139963,0.150338,0.145345,0.137221,0.140242,0.144049"
A_Case_of_Two_Cities_3345,"0.146823,0.147823,0.140523,0.135387,0.148180,0.139176,0.142088"
A_Case_of_Two_Cities_3350,"0.137597,0.149300,0.145834,0.143093,0.140062,0.140677,0.143437"
A_Case_of_Two_Cities_3354,"0.161398,0.164949,0.100757,0.112858,0.201818,0.124760,0.133460"
A_Case_of_Two_Cities_3356,"0.139154,0.149181,0.132907,0.144987,0.137286,0.151996,0.144488"
A_Case_of_Two_Cities_3357,"0.153679,0.187140,0.108001,0.099451,0.208312,0.125747,0.117669"
A_Case_of_Two_Cities_336,"0.141658,0.144846,0.140809,0.150845,0.136217,0.137674,0.147952"
A_Case_of_Two_Cities_3360,"0.156470,0.157055,0.114950,0.123397,0.180044,0.131922,0.136162"
A_Case_of_Two_Cities_3364,"0.145594,0.153005,0.132815,0.140840,0.148304,0.135422,0.144020"
A_Case_of_Two_Cities_3366,"0.141440,0.142657,0.142472,0.141460,0.138809,0.144730,0.148432"
A_Case_of_Two_Cities_337,"0.143540,0.154079,0.133663,0.144523,0.150110,0.135671,0.138415"
A_Case_of_Two_Cities_3404,"0.146672,0.148828,0.140611,0.138022,0.148501,0.136934,0.140433"
A_Case_of_Two_Cities_3407,"0.146887,0.141656,0.148028,0.139917,0.144229,0.135193,0.144091"
A_Case_of_Two_Cities_341,"0.140974,0.143103,0.143434,0.144559,0.142248,0.142405,0.143277"
A_Case_of_Two_Cities_3425,"0.153838,0.154643,0.137655,0.129547,0.161259,0.132553,0.130505"
A_Case_of_Two_Cities_3426,"0.137353,0.135534,0.153303,0.145180,0.132900,0.149163,0.146568"
A_Case_of_Two_Cities_3435,"0.139959,0.149966,0.137528,0.144172,0.146607,0.139618,0.142150"
A_Case_of_Two_Cities_3437,"0.147800,0.147188,0.143311,0.134980,0.149328,0.135552,0.141841"
A_Case_of_Two_Cities_3443,"0.138490,0.141200,0.147874,0.156772,0.123972,0.142574,0.149119"
A_Case_of_Two_Cities_3444,"0.144336,0.152997,0.136993,0.131486,0.155591,0.138943,0.139656"
A_Case_of_Two_Cities_3456,"0.144194,0.152849,0.137377,0.143876,0.147071,0.135947,0.138685"
A_Case_of_Two_Cities_3460,"0.144987,0.148155,0.130348,0.138714,0.154830,0.133462,0.149505"
A_Case_of_Two_Cities_3469,"0.143926,0.147056,0.139770,0.140902,0.148926,0.137603,0.141816"
A_Case_of_Two_Cities_3471,"0.143540,0.154079,0.133663,0.144523,0.150110,0.135671,0.138415"
A_Case_of_Two_Cities_348,"0.142841,0.148076,0.130019,0.146739,0.151580,0.141755,0.138991"
A_Case_of_Two_Cities_3480,"0.143283,0.142759,0.136621,0.152885,0.140988,0.144521,0.138943"
A_Case_of_Two_Cities_349,"0.141157,0.136100,0.144569,0.146073,0.135375,0.147198,0.149528"
A_Case_of_Two_Cities_350,"0.141976,0.150879,0.131558,0.142796,0.143344,0.147371,0.142076"
A_Case_of_Two_Cities_3504,"0.147358,0.151615,0.134982,0.130298,0.152832,0.141763,0.141152"
A_Case_of_Two_Cities_351,"0.139154,0.149181,0.132907,0.144987,0.137286,0.151996,0.144488"
A_Case_of_Two_Cities_352,"0.138461,0.141788,0.139859,0.151288,0.138553,0.146002,0.144049"
A_Case_of_Two_Cities_353,"0.147977,0.152916,0.142009,0.139204,0.144458,0.133913,0.139521"
A_Case_of_Two_Cities_3549,"0.144949,0.142311,0.145583,0.142819,0.138161,0.140781,0.145396"
A_Case_of_Two_Cities_3552,"0.158803,0.158155,0.148449,0.125897,0.160334,0.118878,0.129483"
A_Case_of_Two_Cities_356,"0.135936,0.139384,0.149400,0.147578,0.125368,0.153468,0.148865"
A_Case_of_Two_Cities_3562,"0.135220,0.146870,0.137669,0.140334,0.136491,0.153170,0.150245"
A_Case_of_Two_Cities_3567,"0.142141,0.143701,0.138534,0.142988,0.138859,0.147656,0.146122"
A_Case_of_Two_Cities_3569,"0.144579,0.142745,0.146385,0.141868,0.142267,0.140651,0.141506"
A_Case_of_Two_Cities_3571,"0.141366,0.140273,0.140886,0.145269,0.137485,0.148841,0.145881"
A_Case_of_Two_Cities_3573,"0.133993,0.140832,0.145678,0.145878,0.125581,0.156206,0.151832"
A_Case_of_Two_Cities_358,"0.142543,0.145165,0.138303,0.141662,0.142692,0.144093,0.145542"
A_Case_of_Two_Cities_3589,"0.140204,0.142508,0.138690,0.147193,0.140150,0.148697,0.142558"
A_Case_of_Two_Cities_359,"0.162432,0.160495,0.125369,0.126949,0.171652,0.119516,0.133588"
A_Case_of_Two_Cities_3590,"0.140231,0.139614,0.148467,0.149724,0.130034,0.147956,0.143973"
A_Case_of_Two_Cities_3594,"0.144894,0.144250,0.142362,0.138778,0.145734,0.139390,0.144592"
A_Case_of_Two_Cities_3618,"0.143598,0.154006,0.133870,0.143612,0.151954,0.137186,0.135772"
A_Case_of_Two_Cities_3619,"0.141247,0.145027,0.140186,0.143625,0.141919,0.146131,0.141864"
A_Case_of_Two_Cities_362,"0.141533,0.145330,0.139664,0.141725,0.142508,0.146111,0.143129"
A_Case_of_Two_Cities_3628,"0.145707,0.144184,0.137247,0.146317,0.141596,0.141013,0.143935"
A_Case_of_Two_Cities_3636,"0.135769,0.142017,0.144789,0.151169,0.133646,0.145676,0.146935"
A_Case_of_Two_Cities_3646,"0.159264,0.160676,0.099073,0.117009,0.205292,0.126224,0.132462"
A_Case_of_Two_Cities_3648,"0.167315,0.197504,0.073207,0.083076,0.303037,0.084782,0.091079"
A_Case_of_Two_Cities_365,"0.138411,0.144797,0.139949,0.152321,0.134316,0.145004,0.145203"
A_Case_of_Two_Cities_3659,"0.138084,0.147264,0.151041,0.145410,0.126050,0.139353,0.152798"
A_Case_of_Two_Cities_3669,"0.143990,0.146339,0.134071,0.146050,0.152319,0.138764,0.138466"
A_Case_of_Two_Cities_367,"0.147800,0.147188,0.143311,0.134980,0.149328,0.135552,0.141841"
A_Case_of_Two_Cities_3670,"0.135769,0.142017,0.144789,0.151169,0.133646,0.145676,0.146935"
A_Case_of_Two_Cities_3682,"0.135449,0.136188,0.146492,0.153910,0.130826,0.153554,0.143581"
A_Case_of_Two_Cities_3683,"0.135769,0.142017,0.144789,0.151169,0.133646,0.145676,0.146935"
A_Case_of_Two_Cities_3701,"0.146866,0.150808,0.125620,0.121237,0.183635,0.128958,0.142875"
A_Case_of_Two_Cities_3706,"0.147512,0.150787,0.134183,0.139569,0.155418,0.137222,0.135309"
A_Case_of_Two_Cities_3721,"0.141671,0.142915,0.141314,0.145222,0.141669,0.140938,0.146270"
A_Case_of_Two_Cities_3726,"0.137444,0.141174,0.144745,0.153030,0.135203,0.143409,0.144995"
A_Case_of_Two_Cities_373,"0.136102,0.141785,0.142601,0.156231,0.125998,0.146069,0.151214"
A_Case_of_Two_Cities_374,"0.143126,0.141377,0.141288,0.144930,0.141982,0.141756,0.145542"
A_Case_of_Two_Cities_3741,"0.143540,0.154079,0.133663,0.144523,0.150110,0.135671,0.138415"
A_Case_of_Two_Cities_3745,"0.147633,0.161493,0.108193,0.135729,0.171717,0.146675,0.128561"
A_Case_of_Two_Cities_3746,"0.155205,0.147862,0.133722,0.133704,0.162681,0.136325,0.130502"
A_Case_of_Two_Cities_377,"0.140028,0.144656,0.140385,0.142438,0.144948,0.140465,0.147080"
A_Case_of_Two_Cities_3788,"0.146765,0.150490,0.138441,0.135741,0.148629,0.142174,0.137760"
A_Case_of_Two_Cities_380,"0.139154,0.149181,0.132907,0.144987,0.137286,0.151996,0.144488"
A_Case_of_Two_Cities_3804,"0.139064,0.143049,0.144304,0.141799,0.133606,0.150413,0.147765"
A_Case_of_Two_Cities_3836,"0.137251,0.143805,0.139538,0.148058,0.140313,0.149267,0.141768"
A_Case_of_Two_Cities_3855,"0.151704,0.151253,0.136553,0.131864,0.150946,0.139244,0.138437"
A_Case_of_Two_Cities_386,"0.139844,0.157758,0.136111,0.140146,0.135281,0.149922,0.140939"
A_Case_of_Two_Cities_387,"0.140233,0.144020,0.136367,0.146090,0.142398,0.148308,0.142583"
A_Case_of_Two_Cities_3879,"0.143311,0.149391,0.140064,0.143416,0.142522,0.140877,0.140419"
A_Case_of_Two_Cities_388,"0.146133,0.147423,0.136133,0.140807,0.149026,0.141283,0.139195"
A_Case_of_Two_Cities_389,"0.147908,0.154861,0.129929,0.142856,0.159438,0.134380,0.130628"
A_Case_of_Two_Cities_390,"0.138746,0.147449,0.138545,0.144096,0.140376,0.148384,0.142405"
A_Case_of_Two_Cities_391,"0.143032,0.140127,0.144261,0.146478,0.134653,0.146500,0.144949"
A_Case_of_Two_Cities_3910,"0.163663,0.180704,0.098134,0.094282,0.240169,0.114769,0.108278"
A_Case_of_Two_Cities_3911,"0.142818,0.149116,0.139024,0.137090,0.149754,0.142370,0.139828"
A_Case_of_Two_Cities_3915,"0.139826,0.144931,0.148967,0.143376,0.140412,0.139305,0.143185"
A_Case_of_Two_Cities_3925,"0.147800,0.147188,0.143311,0.134980,0.149328,0.135552,0.141841"
A_Case_of_Two_Cities_395,"0.150080,0.145888,0.141696,0.143305,0.150299,0.133264,0.135468"
A_Case_of_Two_Cities_3951,"0.150614,0.161356,0.138320,0.134363,0.154320,0.124078,0.136948"
A_Case_of_Two_Cities_3955,"0.128612,0.140989,0.149569,0.154027,0.122507,0.151843,0.152453"
A_Case_of_Two_Cities_397,"0.144300,0.144286,0.146204,0.140784,0.131466,0.143404,0.149555"
A_Case_of_Two_Cities_399,"0.146316,0.148666,0.136404,0.139610,0.149120,0.137826,0.142058"
A_Case_of_Two_Cities_4009,"0.142618,0.147830,0.138273,0.140088,0.143494,0.144874,0.142824"
A_Case_of_Two_Cities_4011,"0.147800,0.147188,0.143311,0.134980,0.149328,0.135552,0.141841"
A_Case_of_Two_Cities_4072,"0.145307,0.148245,0.131563,0.152061,0.145070,0.134120,0.143634"
A_Case_of_Two_Cities_4101,"0.143814,0.145175,0.140780,0.140801,0.149152,0.140927,0.139351"
A_Case_of_Two_Cities_4119,"0.142473,0.143535,0.144210,0.143166,0.143610,0.140504,0.142502"
A_Case_of_Two_Cities_4124,"0.139685,0.145066,0.141181,0.143111,0.137155,0.148179,0.145622"
A_Case_of_Two_Cities_4143,"0.140639,0.146200,0.148033,0.146830,0.135155,0.141362,0.141781"
A_Case_of_Two_Cities_4155,"0.147404,0.153380,0.134017,0.141791,0.151920,0.134131,0.137358"
A_Case_of_Two_Cities_4157,"0.152261,0.146058,0.133397,0.140542,0.168629,0.124578,0.134535"
A_Case_of_Two_Cities_4172,"0.139064,0.143049,0.144304,0.141799,0.133606,0.150413,0.147765"
A_Case_of_Two_Cities_4173,"0.152805,0.139172,0.147153,0.135512,0.142432,0.137807,0.145119"
A_Case_of_Two_Cities_4182,"0.134535,0.144291,0.141018,0.149527,0.139585,0.149052,0.141992"
A_Case_of_Two_Cities_4184,"0.139344,0.140154,0.144286,0.154728,0.132778,0.144440,0.144269"
A_Case_of_Two_Cities_4191,"0.143540,0.154079,0.133663,0.144523,0.150110,0.135671,0.138415"
A_Case_of_Two_Cities_4199,"0.141440,0.142657,0.142472,0.141460,0.138809,0.144730,0.148432"
A_Case_of_Two_Cities_4200,"0.136627,0.145407,0.143056,0.139336,0.142858,0.140225,0.152491"
A_Case_of_Two_Cities_421,"0.135065,0.131512,0.150319,0.153147,0.129016,0.151116,0.149825"
A_Case_of_Two_Cities_4215,"0.135760,0.131901,0.156695,0.162169,0.122096,0.149616,0.141762"
A_Case_of_Two_Cities_4216,"0.142337,0.160517,0.138900,0.135112,0.143747,0.133799,0.145588"
A_Case_of_Two_Cities_4242,"0.143656,0.146353,0.135953,0.144280,0.147815,0.142846,0.139098"
A_Case_of_Two_Cities_4245,"0.145989,0.152451,0.140337,0.139568,0.139823,0.140529,0.141302"
A_Case_of_Two_Cities_4247,"0.144389,0.144879,0.140997,0.141948,0.140897,0.144443,0.142448"
A_Case_of_Two_Cities_4249,"0.156931,0.154168,0.132304,0.132313,0.164556,0.125954,0.133774"
A_Case_of_Two_Cities_425,"0.152196,0.148981,0.135559,0.134489,0.161345,0.129486,0.137944"
